043000000000000000000000000000000000000000000000000000000000000000000000000000000000
14103368859      058000093      000000    4408102-1       00000    001   40003235057
10744168859      058003668      000455    44081010/5      00000    004   40003164755
10744068859      058000361      001949    44081010/4      00000    005   40001737477
10744368859      058005644      000880    44081010/7      00000    006   40002258870
10744268859      058007510      000100    44081010/6      00000    007   40001892907
10744568859      058001739      000287    44081010/9      00000    008   40002525757
10744468859      058003814      000001    44081010/8      00000    009   40002521424
13510568859      058002372      000595    44081010/11 9   00000    010   40002269494
10744668859      058007143      000210    44081010/10     00000    011   40002280559
10744868859      058008585      000280    44081010/12     00000    013   40002193328
10745168859      058007771      001284    44081010/15     00000    014   40002301560
10745068859      058008782      000407    44081010/14     00000    015   40001047131
10014068859      058005055      000759    44081010/16     00000    016   40002322034
10014168859      058000315      000403    44081010/18     00000    017   40002292053
10014268859      058004656      001197    44081010/20     00000    018   40002305899
10014468859      058005006      000552    44081010/23     00000    019   40001911944
10014368859      058007324      001453    44081010/22     00000    020   40002266073
10014668859      058007309      001675    44081010/25     00000    021   40002838084
10014568859      058006218      000273    44081010/24     00000    022   40002295584
10745268859      058009050      000397    44081010/27     00000    023   40001888934
10011068859      058006559      000650    44081010/26     00000    024   40001670266
16568268859      058002327      000923    44081010/476    00000    025   40002248284
10745368859      058004886      000475    44081010/29     00000    026   40003089928
10745568859      058003407      000991    44081010/31     00000    027   40002200235
10745468859      058006284      000385    44081010/30     00000    028   40002175790
10745768859      058008215      000309    44081010/33     00000    029   40001570898
10745668859      058001333      000507    44081010/32     00000    030   40001886470
10745968859      058004602      000739    44081010/35     00000    031   40002574982
10745868859      058005766      000775    44081010/34     00000    032   40003194346
11166368859      058003005      001848    44081010/37     00000    033   40002690433
10746068859      058004862      002300    44081010/36     00000    034   40002279322
11166568859      058001745      002290    44081010/39     00000    035   40001909542
11166468859      058006532      002931    44081010/38     00000    036   40001908575
11166768859      058007852      000781    44081010/41     00000    037   40002243505
11166668859      058006275      000293    44081010/40     00000    038   40002528032
11166968859      058007767      000322    44081010/43     00000    039   40002169712
11166868859      058004557      000357    44081010/42     00000    040   40002201310
13151268859      058007236      000840    44081010/45     00000    041   40002869527
11171568859      058009297      000592    44081010/44     00000    042   40001887829
11171868859      058005308      000537    44081010/47     00000    043   40002815204
11172068859      058095119      001121    44081010/49     00000    046   50000685719
11172168859      058000272      000355    44081010/50     00000    047   40002197683
11172368859      058001287      000259    44081010/52     00000    048   40001930915
11172268859      058007181      000342    44081010/51     00000    049   40002600608
11172568859      058002760      000776    44081010/54     00000    050   40003068966
11172468859      058008561      000327    44081010/53     00000    051   40001912923
11172768859      058004649      000436    44081010/56     00000    052   40001946530
11172668859      058000627      000884    44081010/55     00000    053   40002600881
11172968859      058001570      000586    44081010/58     00000    054   40002565945
11172868859      058001142      000243    44081010/57     00000    055   40002256984
11173168859      058009402      000410    44081010/60     00000    056   40002290393
11173368859      058004370      000415    44081010/62     00000    058   40002040081
11173268859      058007127      000138    44081010/61     00000    059   40001567678
11173568859      058001283      000330    44081010/64     00000    060   40003445244
11173468859      058007915      000142    44081010/63     00000    061   40001575692
14772968859      058000006      000001    44081010/65     00000    062   40003450512
11173868859      058006383      000275    44081010/67     00000    063   40002196661
11173768859      058005427      000290    44081010/66     00000    064   40001913193
11174068859      058007410      000360    44081010/69     00000    065   40001912860
11173968859      058007315      000426    44081010/68     00000    066   40001912861
11174268859      058005734      000138    44081010/71     00000    067   40003188429
11174168859      058002701      000527    44081010/70     00000    068   40002040636
11174468859      058001117      000011    44081010/73     00000    069   40003178270
11174368859      058002604      000176    44081010/72     00000    070   40001745877
11174668859      058000009      000000    44081010/75     00000    071   40003162109
11174568859      058000311      000328    44081010/74     00000    072   40001896796
11174868859      058005635      000089    44081010/77     00000    073   40001908636
12332468859      058003510      000321    44081010/475    00000    075   40002132953
12332368859      058043912      003663    44081010/471    00000    076   50002327720
13784668859      058003525      000245    44081010/78 17  00000    077   40002265768
12332168859      058000404      000250    44081010/467    00000    078   40003056035
12332068859      058000277      000004    44081010/466    00000    079   40003185026
12331868859      058008554      000110    44081010/464    00000    080   40002072512
12331968859      058008080      000803    44081010/465    00000    082   40002446251
12331768859      058003008      000137    44081010/463    00000    083   40002247314
12331668859      058002295      000244    44081010/462    00000    084   40002433080
12331568859      058002099      000691    44081010/461    00000    085   40002297140
12331368859      058004214      000427    44081010/459    00000    086   40002248375
12331268859      058007794      000651    44081010/458    00000    087   40003213402
12331168859      058004581      000448    44081010/457    00000    088   40002196421
12329368859      058005022      000356    44081010/80     00000    089   40002275027
12329268859      058002322      000344    44081010/79     00000    090   40002272245
14283068859      058002631      000000    44081010/81     00000    091   40002840272
12329568859      058002062      000198    44081010/82     00000    092   40002261785
12329768859      058005776      001115    44081010/84     00000    093   40001733665
12329668859      058000376      000106    44081010/83     00000    094   40002064257
12329868859      058006469      000358    44081010/444    00000    095   40001780542
11175668859      058002505      000218    44081010/92     00000    096   40001598454
12329968859      058000948      000176    44081010/445    00000    098   40002183011
11175868859      058002477      000754    44081010/94     00000    099   40001769680
11175768859      058003616      000125    44081010/93     00000    100   40003188720
12330268859      058004266      000032    44081010/448    00000    101   40002254730
11176068859      058000084      000079    44081110/96     00000    103   40003470221
11175968859      058005267      000385    44081010/95     00000    104   40002522898
12330468859      058002957      000190    44081010/450    00000    105   40003183981
12330368859      058008772      000265    44081010/449    00000    106   40002274992
11176268859      058006345      000252    44081010/98     00000    107   40002036084
11176168859      058003678      000435    44081010/97     00000    108   40001749532
12330668859      058009005      000153    44081010/452    00000    109   40002261844
12330568859      058001954      000452    44081010/451    00000    110   40002042802
11176468859      058004569      000536    44081010/100    00000    111   40001424988
11176368859      058000609      000380    44081010/99     00000    112   40002196054
12330868859      058002860      000117    44081010/454    00000    113   40002842576
12330768859      058003070      000088    44081010/453    00000    114   40003088467
17250368859      058001399      000080    44081010/102    00000    115   40001357826
11176568859      058006298      000172    44081010/101    00000    116   40003068957
12330968859      058008574      000319    44081010/455    00000    117   40000710545
11175068859      058002133      000326    44081010/86     00000    118   40001600399
11174968859      058006767      000170    44081010/85     00000    119   40001735675
11175268859      058004954      000257    44081010/88     00000    120   40003213400
11175168859      058002390      000376    44081010/87     00000    121   40003059626
11175368859      058002484      000530    44081010/89     00000    123   40001890010
12928268859      058007582      000589    44081010/121    00000    125   40002419359
13274068859      058002762      000273    44081010/113    00000    126   40003080622
11178768859      058005558      000185    44081010/123    00000    127   40002070959
11178668859      058007059      000226    44081010/122    00000    128   40002187350
11177668859      058007484      000314    44081010/112    00000    129   40002504702
11177568859      058000800      000088    44081010/111    00000    130   40003406980
12793168859      058000326      000000    44081010/125    00000    131   40001737314
11178868859      058009291      000402    44081010/124    00000    132   40001753378
11177468859      058001803      000377    44081010/110    00000    133   40001943372
11177368859      058008357      000171    44081010/109    00000    134   40001746804
11179168859      058003123      000255    44081010/127    00000    135   40001746803
11179068859      058006619      001014    44081010/126    00000    136   40001742976
11177168859      058002677      000190    44081010/107    00000    137   40001908199
11179368859      058000518      000481    44081010/129    00000    138   40002198598
11179268859      058006269      000535    44081010/128    00000    139   40001745531
11177068859      058009960      000256    44081010/106    00000    140   40002418889
11176968859      058000182      000328    44081010/105    00000    141   40001773875
11179568859      058001013      000016    44081010/131    00000    142   40002052430
11179468859      058003460      000096    44081010/130    00000    143   40002859224
11176868859      058003694      000457    44081010/104    00000    144   40001735729
15207768859      058001052      000050    44081010/103    00000    145   40002246628
11179668859      058003847      000118    44081010/132    00000    146   40000644614
11177868859      058008803      000516    44081010/114    00000    147   40001750567
11178168859      058001220      000399    44081010/117    00000    148   40003292948
11178068859      058005123      000045    44081010/116    00000    149   40002791189
11178368859      058000645      000643    44081010/119    00000    150   40001434670
13356368859      058001530      000164    44081010/118    00000    151   40002465072
11178468859      058003126      000369    44081010/120    00000    152   40002546994
15841768859      058003699      000566    44081010/152    00000    153   40002557733
11180868859      058000081      000515    44081010/144    00000    154   40001898419
11181868859      058006906      000333    44081010/154    00000    155   40002431040
11181768859      058003399      000051    44081010/153    00000    156   40002077466
11180768859      058006652      000004    44081010/143    00000    157   40002509961
11180668859      058002495      000382    44081010/142    00000    158   40002509962
11182068859      058004195      000573    44081010/156    00000    159   40002278122
11181968859      058007410      000069    44081010/155    00000    160   40001911051
11180468859      058002675      000076    44081010/140    00000    162   40003076360
11180368859      058003416      000191    44081010/139    00000    165   40001929974
11180268859      058000626      000408    44081010/138    00000    166   40002043610
11182468859      058003463      000151    44081010/160    00000    167   40003259665
12480068859      058007122      000352    44081010/159 1  00000    168   40002319286
11180168859      058004975      000330    44081010/137    00000    169   40002202603
11180068859      058003377      000163    44081010/136    00000    170   40003245078
13367068859      058005606      000252    44081010/162    00000    171   40002242441
11182568859      058008377      000101    44081010/161    00000    172   40001909541
11179968859      058002384      000185    44081010/135    00000    173   40003094016
11179868859      058008112      000230    44081010/134    00000    174   40002420416
11179768859      058008929      000149    44081010/133    00000    175   40001907662
11180968859      058001532      000137    44081010/145    00000    176   40003262238
11181268859      058000658      000304    44081010/148    00000    177   40002880956
11181168859      058002104      000118    44081010/147    00000    178   40002092870
11181468859      058002073      000708    44081010/150    00000    179   40002040080
11181368859      058003524      000553    44081010/149    00000    180   40002043917
11181568859      058002267      000242    44081010/151    00000    181   40002081920
11183768859      058002212      000271    44081010/173    00000    182   40002173849
10801568859      058007906      000114    44081010/181    00000    183   40001540455
11183668859      058007937      000479    44081010/172    00000    184   40002310308
11183568859      058001333      000231    44081010/171    00000    185   40001757194
10801768859      058007346      000234    44081010/183    00000    186   40001909286
13580868859      058000061      000558    44081010/182    00000    187   40002497329
11183468859      058007145      000568    44081010/170    00000    188   40001530393
11183368859      058002499      000235    44081010/169    00000    189   40001918444
10801868859      058003911      000187    44081010/184    00000    191   40003057441
11183268859      058001626      000242    44081010/168    00000    192   40003103233
15373168859      058002443      000148    44081010/167    00000    193   40002075861
10802168859      058006856      000121    44081010/187    00000    194   40001208464
10802068859      058003375      000164    44081010/186    00000    195   40001765182
11183068859      058005971      000202    44081010/166    00000    196   40002035067
11182968859      058000514      000213    44081010/165    00000    197   40002597718
10802368859      058000337      000110    44081010/189    00000    198   40001883577
10802268859      058002953      000504    44081010/188    00000    199   40001784589
11182868859      058003235      000378    44081010/164    00000    200   40003378420
11182768859      058006602      000147    44081010/163    00000    201   40001912090
10802568859      058005382      001417    44081010/191    00000    202   40002550606
10802668859      058009940      000143    44081010/192    00000    203   40002036307
10648468859      058005589      000527    44081010/175    00000    204   40000721018
10648368859      058004868      000261    44081010/174    00000    205   40001845133
10648668859      058005425      000156    44081010/177    00000    206   40002970234
10648868859      058005216      000688    44081010/179    00000    207   40002801638
10648768859      058001349      000536    44081010/178    00000    208   40000587506
10648968859      058003916      000458    44081010/180    00000    209   40003177984
10612468859      058004175      000149    44081010/194    00000    210   40002472713
10612368859      058003780      000340    44081010/193    00000    211   40001460902
10612668859      058005556      000297    44081010/196    00000    213   40001466506
10612568859      058000497      000339    44081010/195    00000    214   40001086829
10012768859      058008514      000298    44081010/221    00000    215   40000221993
10012668859      058008705      000414    44081010/220    00000    216   40000911684
10612868859      058007740      000091    44081010/198    00000    217   40002163431
10612768859      058002724      000349    44081010/197    00000    218   40002600454
10012568859      058008939      000181    44081010/219    00000    219   40001872278
10012468859      058009759      000539    44081010/218    00000    220   40002228952
10613068859      058000302      000045    44081010/200    00000    221   40003216547
10612968859      058008588      000403    44081010/199    00000    222   40001469180
10012368859      058004436      000213    44081010/217    00000    223   40000678745
10012268859      058004635      000145    44081010/216    00000    224   40002914285
10613268859      058003591      000385    44081010/202    00000    225   40001485535
10613168859      058006548      000348    44081010/201    00000    226   40002184764
10012168859      058003767      000250    44081010/215    00000    227   40000560060
10012068859      058003887      000148    44081010/214    00000    228   40000250598
10613468859      058000302      000144    44081010/204    00000    229   40003450458
10613368859      058009178      000095    44081010/203    00000    230   40001505111
10011968859      058008870      000251    44081010/213    00000    231   40000612158
10011868859      058008256      000232    44081010/212    00000    232   40000618842
10011268859      058000110      000000    44081010/206    00000    233   40000791932
10011168859      058004810      000168    44081010/205    00000    234   40002521362
10011468859      058003702      000439    44081010/208 9  00000    235   40003378349
10011368859      058004875      000397    44081010/207    00000    236   40002172106
10011668859      058008450      000286    44081010/210    00000    237   40000519935
10011568859      058009877      000654    44081010/209    00000    238   40003144181
10011768859      058002336      000049    44081010/211    00000    239   40002923968
13846868859      058000511      000264    44081010/242    00000    240   40002297584
10746168859      058004509      000492    44081010/241    00000    241   40002547834
10013968859      058074984      000753    44081010/233    00000    242   50002332952
10013868859      058006735      000329    44081010/232    00000    243   40002103718
10746468859      058001600      000409    44081010/244    00000    244   40001887171
13582368859      058004595      000412    44081010/243    00000    245   40002497387
10013768859      058005998      000241    44081010/231    00000    246   40001991666
10013668859      058008876      000385    44081010/230    00000    247   40002503987
10746668859      058000306      000064    44081010/246    00000    248   40003382832
10746568859      058006749      000702    44081010/245    00000    249   40001887174
10013468859      058009100      000742    44081010/228    00000    250   40002804082
10746868859      058005224      000331    44081010/248    00000    251   40001927100
10746768859      058000213      000028    44081010/247    00000    252   40003381564
10013368859      058007465      000318    44081010/227    00000    253   40001995134
10747068859      058001687      000136    44081010/250    00000    255   40001926261
10746968859      058009056      000727    44081010/249    00000    256   40001669653
15861168859      058007399      000089    44081010/225    00000    257   40001459570
10013068859      058004824      000508    44081010/224    00000    258   40001990709
10747168859      058003298      000027    44081010/251    00000    259   40001887275
12552868859      058009334      000174    44081010/223    00000    260   40002280378
10649168859      058005161      000558    44081010/235    00000    261   40001841586
10649068859      058004214      000104    44081010/234    00000    262   40003138186
10649368859      058005959      000071    44081010/237    00000    263   40000475463
10649568859      058000083      002474    44081010/239    00000    265   50001438561
10649468859      058009920      001376    44081010/238    00000    266   40002576398
10649768859      058001962      000147    44081010/263    00000    267   40000667788
10748268859      058008329      000710    44081010/280    00000    269   40003174670
10749668859      058009843      000190    44081010/254    00000    270   40002277892
10749568859      058002980      000163    44081010/253    00000    271   40001571062
10748168859      058005264      000026    44081010/279    00000    272   40003174412
12886668859      058003657      000411    44081010/255    00000    274   40003056634
10747968859      058002995      000187    44081010/277    00000    275   40003259664
10750068859      058008271      000413    44081010/258    00000    277   40002441638
10749968859      058007714      000095    44081010/257    00000    278   40002198444
10747768859      058008194      000274    44081010/275    00000    279   40002547684
10747668859      058001638      000107    44081010/274    00000    280   40002030253
10750268859      058008040      000105    44081010/260    00000    281   40001890459
10750168859      058000005      000000    44081010/259    00000    282   40001895524
10747568859      058001262      000213    44081010/273    00000    283   40002194119
10747468859      058001987      000079    44081010/272    00000    284   40001598420
10750468859      058006632      000158    44081010/262    00000    285   40001564021
10750368859      058006820      000664    44081010/261    00000    286   40001883718
10747368859      058002798      000449    44081010/271    00000    287   40002026436
10747268859      058005816      000646    44081010/270    00000    288   40000357698
10649868859      058001850      000308    44081010/264    00000    289   40002246761
10650168859      058001415      000103    44081010/267    00000    290   40000395991
12924268859      058003256      000341    44081010/266    00000    291   40002428560
10650368859      058003156      000257    44081010/269    00000    292   40002151102
10650268859      058006358      000151    44081010/268    00000    293   40000532557
10749368859      058005254      000057    44081010/291    00000    294   40001888341
10749268859      058005132      000262    44081010/290    00000    295   40001888452
10015568859      058006231      000594    44081010/300    00000    296   40001991236
10015468859      058002748      000482    44081010/299    00000    297   40001991287
10749168859      058006101      000298    44081010/289    00000    298   40002849724
10015768859      058002449      000607    44081010/302    00000    299   40002504090
10015668859      058001622      000667    44081010/301    00000    300   40001991835
10015968859      058000819      000124    44081010/304    00000    302   40001991021
10015868859      058004078      000191    44081010/303    00000    303   40003132621
10748768859      058004431      000091    44081010/285    00000    304   40002543644
13936068859      058005271      000235    44081010/284    00000    305   40002546362
10016068859      058005041      000425    44081010/305    00000    306   40002102299
10016168859      058004523      000244    44081010/306    00000    307   40002191704
10748568859      058005728      000400    44081010/283    00000    308   40001898197
10748468859      058005213      000249    44081010/282    00000    309   40001547037
10016268859      058003750      000175    44081010/307    00000    310   40002091698
10748368859      058002707      000539    44081010/281    00000    311   40001883029
10016468859      058005545      000610    44081010/309    00000    312   40002264443
10014868859      058002777      000348    44081010/293    00000    313   40002984136
10014768859      058000430      000154    44081010/292    00000    314   40000783635
10015068859      058009016      000103    44081010/295    00000    315   40001653639
10014968859      058006547      000203    44081010/294    00000    316   40003079225
10015168859      058007506      000316    44081010/296    00000    317   40001984692
10015268859      058006750      000256    44081010/297    00000    318   40002511678
16704168859      058000015      000000    44081010/321    00000    319   40000000000
10015368859      058005137      000652    44081010/298    00000    320   40001923356
10016568859      058007523      000000    44081010/310    00000    321   40000507224
10614368859      058007863      000310    44081010/336    00000    322   40001826079
14722068859      058009011      000377    44081010/312    00000    323   40002290343
13511168859      058004391      000024    44081010/311    00000    324   40003157896
10614268859      058009036      000171    44081010/335    00000    325   40001499644
10614168859      058002750      000205    44081010/334    00000    326   40001499370
10016968859      058007256      000000    44081010/314    00000    327   40001638878
10016868859      058007160      000220    44081010/313    00000    328   40002436206
10614068859      058001713      000010    44081010/333    00000    329   40001632420
10613968859      058002803      000259    44081010/332    00000    330   40002511679
10017168859      058003603      000439    44081010/316    00000    331   40000510433
10017068859      058007545      000347    44081010/315    00000    332   40002120549
10613868859      058002800      000140    44081010/331    00000    333   40001879628
10017368859      058003363      000648    44081010/318    00000    335   40001977490
10017268859      058000046      000020    44081010/317    00000    336   40003450445
10613668859      058003814      000588    44081010/329    00000    337   40002506263
10613568859      058001916      000335    44081010/328    00000    338   40002181005
10017568859      058008313      001332    44081010/320    00000    339   40001630146
10017468859      058007545      000493    44081010/319    00000    340   40003058498
10650668859      058009245      000148    44081010/323    00000    341   40000516250
10650568859      058003672      000137    44081010/322    00000    342   40003162754
10650868859      058009434      000375    44081010/325    00000    343   40001945324
10650768859      058004042      000252    44081010/324    00000    344   40001734300
10651068859      058002456      000296    44081010/327    00000    345   40002198326
10650968859      058004085      000465    44081010/326    00000    346   40001432249
10615468859      058009708      000581    44081010/347    00000    347   40001263355
10615368859      058003414      000260    44081010/346    00000    348   40002195940
10338868859      058000267      000449    44081010/355 5  00000    349   40002007661
10615268859      058008106      000660    44081010/345    00000    350   40002201281
10615168859      058005110      000159    44081010/344    00000    351   40001658006
12456668859      058000005      000000    44081010/358 5  00000    352   40001915527
10339068859      058007515      000755    44081010/357    00000    353   40001526254
10615068859      058004485      000082    44081010/343    00000    354   40001406439
10614968859      058007142      000370    44081010/342    00000    355   40001449677
10339368859      058001831      000582    44081010/360 5  00000    356   40002003268
10339268859      058001822      000097    44081010/359 5  00000    357   40001722642
10614868859      058002711      000000    44081010/341    00000    358   40001660629
10614768859      058009306      000127    44081010/340    00000    359   40001682474
10339468859      058002167      000055    44081010/361 5  00000    360   40002003220
10614668859      058005020      000193    44081010/339    00000    361   40001492154
10339768859      058003229      000177    44081010/364 5  00000    362   40002435130
10339668859      058005439      000274    44081010/363 5  00000    364   40002838041
10339868859      058003738      000204    44081010/365 5  00000    365   40002010620
10338168859      058003206      000641    44081010/348 5  00000    366   40002877859
10338368859      058005298      000277    44081010/350    00000    367   40000413374
10338268859      058003076      000401    44081010/349 5  00000    368   40002007267
10338568859      058007398      000418    44081010/352 5  00000    369   40003128764
10338468859      058009289      000172    44081010/351 5  00000    370   40002914438
10338768859      058001489      000271    44081010/354 5  00000    371   40002551321
10338668859      058002416      000175    44081010/353 5  00000    372   40000444459
10615568859      058009929      000115    44081010/366    00000    373   40001940080
10615768859      058005856      000395    44081010/368    00000    374   40002005205
10615668859      058007703      000197    44081010/367    00000    375   40001380515
07888268859      058007319      000155    44081010/381    00000    376   40001244693
10616068859      058003386      000184    44081010/371    00000    377   40001338219
07888168859      058003620      000105    44081010/380    00000    379   40006770460
10616368859      058008085      000099    44081010/374    00000    380   40003011526
10616268859      058007740      000185    44081010/373    00000    381   40000734649
10616568859      058003732      000374    44081010/376    00000    382   40003246565
10616468859      058000568      000287    44081010/375    00000    383   40001873853
07887968859      058000399      000227    44081010/378    00000    384   40007653790
13888568859      058009552      000682    44081010/377    00000    385   40002194780
10018068859      058007224      000196    44081010/391    00000    386   40002495676
10017968859      058005976      000587    44081010/390    00000    387   40003262523
07888468859      058003340      000716    44081010/383    00000    388   40002879841
07888368859      058004429      000571    44081010/382    00000    389   40002249007
10017868859      058008305      000169    44081010/389    00000    390   40002547685
10017768859      058008478      000125    44081010/388    00000    391   40001992442
07888668859      058008681      000560    44081010/385    00000    392   40002202693
07888568859      058001788      000715    44081010/384    00000    393   40003196460
10017668859      058007191      000059    44081010/387    00000    394   40002012280
13938668859      058002819      000639    44081010/386    00000    395   40002599999
10356068859      058002811      000419    44081010/397    00000    396   40002171426
10018568859      058035120      001222    44081010/396 9  00000    397   50003025386
10356268859      058005420      000712    44071110/399    00000    398   40002810435
10356168859      058000982      000247    44081010/398    00000    399   40001857459
10018468859      058001943      000280    44081010/395 9  00000    400   40002012281
10018368859      058001196      000202    44081010/394 9  00000    401   40002012279
10356368859      058001319      000204    44081010/400    00000    402   40002186628
10018268859      058004168      000255    44081010/393    00000    403   40000434959
10018168859      058006297      000511    44081010/392    00000    404   40001865982
10356968859      058005709      000274    44081010/406    00000    406   40002011846
10357268859      058004071      000281    44081010/409    00000    407   40003066286
10356868859      058008523      000299    44081010/405    00000    408   40001811842
10356768859      058000439      000221    44081010/404    00000    409   40003458636
10356668859      058004742      000276    44081010/403    00000    410   40001944668
15853068859      058007085      000340    44081010/402 9  00000    411   40001775161
10357468859      058003171      000214    44081010/411    00000    413   40002863716
10357368859      058002467      000085    44081010/410    00000    414   40000361649
10358768859      058001422      000109    44081010/424    00000    417   40003406983
10358668859      058009551      000524    44081010/423    00000    418   40002993880
10358568859      058001495      000812    44081010/422    00000    419   40000293311
10358468859      058008909      000264    44081010/421    00000    420   40003187946
10358368859      058000559      000185    44081010/420    00000    421   40001154241
10358268859      058005797      000021    44081010/419    00000    422   40001025747
10358168859      058002583      000334    44081010/418    00000    423   40003157917
10358068859      058004454      000577    44081010/417    00000    424   40001067792
10357668859      058004460      000034    44081010/413    00000    425   40002251694
10357868859      058005280      000261    44081010/415    00000    426   40002575055
10357768859      058005039      000834    44081010/414    00000    427   40003084389
12637668859      058006793      000895    44081010/427    00000    428   40002318365
10787568859      058008057      000147    44081010/429    00000    429   40001783802
10787468859      058002615      000594    44081010/428    00000    430   40001901581
10787768859      058000556      001449    44081010/431    00000    431   40001629401
10787668859      058008563      000004    44081010/430    00000    432   40002179315
10787968859      058002987      000001    44081010/433    00000    433   40001886153
10787868859      058006783      001050    44081010/432    00000    434   40003193414
10788168859      058008148      000182    44081010/435    00000    435   40002573881
12880868859      058000413      000399    44081010/434    00000    436   40003251244
12676768859      058008457      001906    44081010/437    00000    437   40002881007
10788268859      058005258      001070    44081010/436 9  00000    438   40000875430
12299168859      058009702      000458    44081010/438    00000    439   40002435050
12637568859      058001004      000145    44081010/440    00000    440   40003417339
10648568859      058003419      000310    44081010/176    00000    441   40003228783
10744968859      058006594      001023    44081010/13     00000    442   40002430674
10338968859      058009882      000584    44081010/356 5  00000    443   40002116729
12637768859      058000622      000084    44081010/439    00000    444   40003417405
17389768859      058004576      000500    44081010/370    00000    445   40002807801
17447568859      058001501      000177    44081010/108 9  00000    446   40003417951
17470268859      058000662      000035    44081010/265    00000    447   40003125348
17566168859      058002112      000149    44081010/158    00000    448   40002071934
17582868859      058001773      000043    44081010/338    00000    449   40003231427
11177968859      058002801      000810    44081010/115    00000    450   40002426947
17509668859      058000203      000012    440810010-3351  00000    451   40003228757
17647868859      058004094      000360    44081010/252    00000    452   40002498387
17674868859      058005532      000617    44081010/425 9  00000    453   40002560871
17730168859      058003875      000391    44081010/46     00000    454   40003293918
17975668859      058000205      000059    44081010/286 9  00000    455   40003443104
17993868859      058000806      000207    44081010/468 9  00000    456   50003019649
17988768859      058002403      000513    44081010/157    00000    457   40002253242
17840168859      058000013      000008    440811808/46 1  00000    641   40003470087
17878068859      058000700      000513    440811808/18    00000    698   40003453249
18060568859      058000024      000052    44081010/408    00000    999   40003470149
