043800000000000000000000000000000000000000000000000000000000000000000000000000000000
16409268863      059005246      001571    44081021/13     00000    019   40002582471
13584468863      059004563      000223    44081021/17     00000    020   40002509035
13675668863      059001713      002033    44081021/18     00000    021   40002538221
13584568863      059008537      000861    44081021/19     00000    022   40002515722
13950668863      059051179      000464    44081021/21     00000    023   50002485292
13375568863      059001711      000435    44081021/20     00000    024   40001549643
13280868863      059000296      000001    44081021/23     00000    025   50002326498
15011968863      059000005      000000    4408111001/818  00000    025   40003459495
13280768863      059004049      000769    44081021/22     00000    026   40002547048
13280668863      059062797      000853    44081021/24     00000    027   50002485907
13120568863      059003663      000832    44081021/25     00000    029   40003094405
13376068863      059009666      000465    44081021/27     00000    030   40002275136
13350268863      059000083      000000    44081021/28     00000    031   40002238480
13508868863      059072915      000163    44081021/29 11  00000    032   50002489904
13350368863      059012112      000102    44081021/30     00000    033   50002217146
15468268863      059005207      001187    44081021/32     00000    034   50003363536
13120868863      059007549      000806    44081021/31     00000    035   40000919871
14586768863      059063092      000998    44081021/77 11  00000    036   50002740266
17191768863      059028694      000795    44081021/109 1  00000    037   50002479470
15595168863      059001818      000217    44081021/134    00000    038   40003166409
15009368863      059000005      000000    4408111001/722  00000    039   40003458821
15593868863      059007590      000250    44081021/111    00000    039   40002441122
15596268863      059032514      000674    44081021/135    00000    040   50002486757
15594068863      059000005      000000    44081021/113    00000    041   40002210043
15596168863      059029246      000627    44081021/133    00000    042   50001311528
15595068863      059008269      000721    44081021/132    00000    043   40002839398
15593968863      059004883      000409    44081021/112    00000    044   40003388863
15594168863      059000215      000003    44081021/114    00000    045   40003260094
15594868863      059007328      000485    44081021/130    00000    046   40003079401
15594968863      059007986      000252    44081021/131    00000    047   40002839396
15814168863      059031551      000663    44081021/115    00000    048   50001612269
15594768863      059000239      000259    44081021/129    00000    049   40003165622
15596068863      059040236      000853    44081021/128    00000    050   50002046770
15594368863      059007367      000317    44081021/117    00000    051   40002796300
15594268863      059004331      000120    44081021/116    00000    052   40003162135
15595568863      059072739      001858    44081021/119    00000    053   50002485297
15594568863      059003654      000509    44081021/126    00000    054   40003081497
15594668863      059008427      000635    44081021/127    00000    056   40002288986
15594468863      059000007      000001    44081021/121    00000    057   40002929611
15595668863      059040193      001395    44081021/120    00000    058   50001537734
15595268863      059042225      000763    44081021/125    00000    059   50001686455
15595968863      059038134      000432    44081021/124    00000    060   50001122635
15595768863      059053294      001138    44081021/122    00000    061   50003016862
15595868863      059009177      000871    44081021/123    00000    062   50002322605
15943568863      059006670      000370    44081021/34     00000    063   40002169917
13583768863      059044937      000948    44081021/36     00000    066   50002487119
13583668863      059003019      000311    44081021/35     00000    067   40002539392
13350468863      059004208      000974    44081021/38     00000    068   40002238489
13280568863      059011220      001210    44081021/37 11  00000    069   50002745776
13950868863      059003580      000282    44081021/39 11  00000    070   40000880128
13950968863      059009166      000768    44081021/40 11  00000    071   40002541525
13951068863      059004693      000604    44081021/42 11  00000    072   40001528784
13675768863      059005822      000610    44081021/41     00000    073   40002510336
13583868863      059002916      000867    44081021/43     00000    075   40002528028
13508968863      059048661      000469    44081021/44 11  00000    076   50002952112
01463668863      059008317      000446    4408107 11      00000    077   40002814245
17575068863      059004892      000739    4408107/16 11   00000    078   50002736577
17574968863      059010352      001098    4408107/15 11   00000    079   50001534293
17507868863      059007220      000522    4408107/9 11    00000    080   40003256365
17574568863      059001037      000313    4408107/11 11   00000    081   50002477952
17574468863      059008916      000644    4408107/10 11   00000    082   50002742099
17574668863      059003999      000167    4408107/12 11   00000    083   40003259186
13375968863      059000329      001087    44081021/74     00000    084   40002230296
13676068863      059003989      000428    44081021/73     00000    085   40002575050
13951868863      059000270      000394    44081021/72 11  00000    086   40002594661
16415868863      059025285      000658    44081021/70     00000    087   50002477131
13120468863      059003463      000558    44081021/71     00000    088   40003382881
13584368863      059005414      001016    44081021/69     00000    089   40003193459
13675968863      059055360      000630    44081021/67 11  00000    090   50002746318
13120768863      059000109      001017    44081021/66     00000    091   40002269698
17215368863      059007367      000207    44081021/64     00000    092   40002273294
13120668863      059003718      000390    44081021/65     00000    093   40001108227
13584168863      059001887      000540    44081021/62 11  00000    094   40002528030
13375868863      059007338      000543    44081021/63     00000    095   40002171292
14088068863      059035046      001237    44081021/60 11  00000    096   50002735981
13951668863      059002963      000829    44081021/61 11  00000    097   40000577570
13583968863      059000032      000000    44081021/58     00000    098   40002178940
15860968863      059005942      000476    44081021/59 11  00000    099   40002850172
15593768863      059080361      000787    44081021/56     00000    100   50001219135
13951468863      059007485      000000    44081021/57 11  00000    101   40002563737
14586868863      059046050      000805    44081021/76 11  00000    102   50001786631
13677468863      059009252      000585    44081021/94     00000    104   40002438100
13677568863      059005979      000365    44081021/95     00000    106   40002554743
13677668863      059003423      000511    44081021/96     00000    107   40002879840
13676268863      059002525      000271    44081021/82     00000    108   40002287923
13676168863      059006742      000281    44081021/81     00000    109   40002234014
13677868863      059008655      000508    44081021/98     00000    110   40002579404
13676468863      059022217      000523    44081021/84     00000    112   50002744740
13676368863      059002705      000860    44081021/83     00000    113   40002277893
13678068863      059002931      000263    44081021/100    00000    116   40002554745
13676668863      059008002      000997    44081021/86     00000    117   40002554740
13677968863      059000498      000886    44081021/99     00000    118   40002595073
13676768863      059023401      000453    44081021/87     00000    119   50002820578
13678168863      059008545      000261    44081021/101    00000    120   40002814222
13678268863      059003565      000236    44081021/102    00000    121   40003388842
13676868863      059005683      000207    44081021/88     00000    122   40002559080
13678468863      059009174      000271    44081021/104    00000    123   40002579434
13678368863      059008364      000301    44081021/103    00000    124   40002421164
13677068863      059000159      000162    44081021/90     00000    125   40002554741
13676968863      059007976      000502    44081021/89     00000    126   40002559081
13678568863      059004178      000197    44081021/105    00000    127   40003266287
13678668863      059008816      000658    44081021/106    00000    128   40002542868
13677268863      059007240      000547    44081021/92     00000    129   40002542863
13677168863      059006001      000321    44081021/91     00000    130   40002189768
13677368863      059009327      000482    44081021/93     00000    131   40002575010
13678868863      059000426      000233    44081021/108    00000    132   40001748898
13678768863      059001192      000515    44081021/107    00000    133   40002554751
17351168863      059008588      000431    44081021/239 1  00000    134   40002817763
13951368863      059008791      000084    44081021/54 11  00000    135   40001294917
13350168863      059015741      000770    44081021/53     00000    136   50002454649
13375468863      059046844      000678    44081021/51     00000    137   50002476381
13375768863      059008782      001445    44081021/49     00000    138   40003196674
13951268863      059004956      000746    44081021/50 11  00000    139   40002884696
13951168863      059027390      000443    44081021/48     00000    140   50002490478
06618168863      059005942      000300    44081021/3 11   00000    143   40001386108
14578668863      059002119      000409    44081021/233    00000    144   40002572079
17420068863      059003532      000063    44081021/234    00000    145   40003182880
14123068863      059008355      000312    44081021/235    00000    146   40002877421
16530668863      059000011      000001    44081021/36     00000    149   50002738474
13848468863      059027372      003618    44081021/35     00000    150   50002392168
17120368863      059006960      000519    44081021/34 12  00000    151   40003172983
07408368863      059000678      000413    44081021/33     00000    152   40002093172
12287768863      059002552      000593    44081021/32 12  00000    153   40000508113
07408068863      059003119      000683    44081021/30     00000    154   40000940700
07408168863      059003526      000287    44081021/31     00000    155   40002522255
07407968863      059005610      000139    44081121/29     00000    156   40003138000
07406968863      059009205      000266    44081021/19     00000    157   40003115714
07406768863      059009636      000442    44081021/17     00000    158   40002949371
07406668863      059004863      000485    44081021/16     00000    159   40002027122
07406368863      059000248      000079    44081021/13     00000    160   40002785470
07406468863      059084562      001136    44081021/14     00000    161   50002047592
12313868863      059002180      000243    44081021/12     00000    162   40001936549
14115768863      059003089      000545    44081021/10     00000    163   40002433849
14313668863      059001983      000150    44081021/28     00000    164   40002227437
07407768863      059009937      000190    44081021/27     00000    165   40000691996
15616068863      059002151      000179    44081021/26     00000    166   40001628321
07407568863      059001956      000060    44081021/25     00000    167   50003020230
18046168863      059000652      000215    44081021/24 12  00000    168   40003085472
18127168863      059000301      000148    44081021/23 12  00000    169   40003445649
07407168863      059003887      000693    44081021/21     00000    172   40002248455
15847568863      059007396      000554    44081021/20     00000    173   40001783800
07409568863      059007489      000104    44081021/230    00000    175   40002974600
07405468863      059046405      000656    44081021/4      00000    176   50002456766
07405368863      059002902      000256    44081021/3      00000    177   40002446616
07409168863      059002341      000203    44081021/229    00000    178   40001879547
07405268863      059008337      000569    44081021/2      00000    179   40000918769
07409068863      059001360      000136    44081021/228    00000    180   40000920953
17830268863      059002535      000256    44081021/227    00000    181   40001374296
07405968863      059002446      000447    44081021/9      00000    183   40001862419
15392068863      059002508      000193    44081021/8      00000    184   40002522265
12187168863      059000276      000090    44081021/7      00000    185   40003284435
07405668863      059011896      001552    44081021/6      00000    186   50001788002
05454468863      059006393      001458    44081021/2 11   00000    187   40003161800
17331468863      059012944      000758    44081021/237 1  00000    188   50003041589
17510368863      059000078      000020    440810010-3491  00000    189   40003235054
17510268863      059000206      000022    440810010-3490  00000    190   40003228726
18052668863      059004933      002464    44081022/6 11   00000    192   50003020301
11538268863      059098322      000205    44081041/281    00001    194   60002405461
17260968863      059056660      002091    44081017/14     00000    195   50002491797
07043468863      059004220      000852    44081017/2 12   00000    197   40002975042
16579168863      059091041      004557    440810          00000    198   50002725401
17457968863      059011107      000761    44081017/16 12  00000    199   50001610864
08347868863      059072939      000659    44081017/4 12   00000    200   50002048809
91006368863      059003187      000537    44081041/118    00000    201   40003378218
07053168863      059009076      000695    44081017 12     00000    202   40001519043
10023468863      059097493      001738    44081017/5      00000    203   50001686266
07053268863      059000431      000644    44081017/3 12   00000    204   40001555981
16161068863      059089205      002317    44081017/12 12  00000    205   60002755804
16161168863      059084403      002231    44081017/13 12  00000    206   60002757510
17578568863      059011173      000597    44081017/18 1   00000    207   50002049967
10522668863      059007429      001394    44081041/6      00000    208   40001112364
05472668863      059004999      001819    44081041/3 12   00000    209   40001606896
11796868863      059004770      000979    44081041/111    00000    210   50000635771
15869268863      059047598      000997    44081041/115 1  00000    212   50002393360
07851068863      059012942      000827    44081027        00000    213   50002449733
12297968863      059006163      000624    44081039/1 12   00000    214   40001864513
12141268863      059005017      000283    44081039/368    00000    215   40000255248
08691568863      059002722      000196    44081041        00000    216   40001492601
17886868863      059001305      000149    44081039/369    00000    217   40001708961
14727568863      059009579      000157    44081046/1      00000    218   40001502092
08368668863      059003955      000326    44081039 18     00000    219   40003157522
06394368863      059006428      000600    44081040 12     00000    220   40001387272
17848668863      059002092      000138    4408105/7       00000    221   40002011766
16411268863      059004472      000082    44081033 11     00000    222   40002126044
13325868863      059001044      000125    4408105/5 12    00000    223   40001276231
12870368863      059004086      000973    44081071/1      00000    224   40003443474
15633468863      059001817      000544    44081041/114 1  00000    225   40002429566
10763668863      059005592      000393    4408105/3       00000    226   40002010618
05360468863      059004210      000081    4408105 12      00000    227   40001484866
18113268863      059000449      000148    4408105/8       00000    228   40003450585
17452968863      059003592      000709    44081041/121 1  00000    229   40002083876
15668668863      059005128      000253    4408105/6       00000    230   40002913182
15608668863      059009792      000165    44081099/7 12   00000    231   40002915244
11673268863      059000865      000001    4408105/4       00000    232   40000620685
11673168863      059009278      000182    4408105/1       00000    233   40005642455
13421868863      059004145      000533    44081026        00000    234   40000982083
11673068863      059008844      000122    4408105/2       00000    235   40002913880
05242868863      059009789      000493    44081056/6 12   00000    236   50001534779
13263568863      059001940      000417    4408104/1 12    00000    237   40002352138
16497668863      059000374      000443    4408103 12      00000    238   40001347673
17682868863      059001755      000143    44081054 11     00000    239   40003223234
06319068863      059047982      000186    44081022 11     00000    240   50000649689
16505268863      059130528      002480    440810          00001    241   60002382957
17510568863      059000145      000004    440810010-3485  00000    242   40003228729
09612668863      059007780      000440    4408107/6       00000    243   40001609192
04932968863      059006908      000792    44081010/3 12   00000    244   40001908631
06042968863      059000739      000901    4408107 12      00000    245   40002974940
08304568863      059003575      000114    44081010/1 12   00000    246   40000295801
17739568863      059002169      000186    44081043/11     00000    247   40002910124
06042868863      059000549      000492    44081014 12     00000    248   40001283003
06043068863      059001784      000283    4408107/4 12    00000    249   40000373633
14213168863      059005936      000092    44081043/4      00000    250   40002150353
14213068863      059001433      000030    44081043/4      00000    251   40002150352
16558568863      059004853      000146    44081043/10     00000    252   40001835848
09856268863      059002790      000579    4408106         00000    253   40000000006
17213868863      059006830      002987    44081023/17     00000    254   50003361217
17526368863      059035074      002374    44081046/111 1  00000    255   60002751260
12804868863      059007271      000650    44081046/16 12  00000    258   40001547865
12052768863      059003079      003023    44081046/13     00000    259   40002203305
08352268863      059000113      001792    44081046/10 12  00000    260   40002587985
12772168863      059000010      000000    44081046/18 12  00000    261   50002322994
15545368863      059032817      004546    44081046/101    00000    262   50002734554
09457568863      059183158      001861    44081046/8      00000    263   6000ÿ0ÿ0ÿ0ÿ
09600568863      059029572      001607    44081046/11     00000    264   60002757427
18117668863      059002292      002287    44081046/102 1  00000    265   50002215162
16538768863      059000200      000000    440810616       00000    267   40002766000
17750768863      059008696      000712    44081046/121    00000    268   40003401046
17409868863      059006008      000280    44081046/108    00000    269   40002533444
07664068863      059009291      000408    44081046/12 12  00000    270   50003020363
17442368863      059007346      000301    44081046/107 1  00000    271   40002259178
17416768863      059008893      000352    44081046/105 1  00000    273   40001927103
17411768863      059000335      000014    44081046/103 1  00000    274   40002445483
17350868863      059004250      000655    44081046/104 1  00000    275   40002083029
17398468863      059001661      001520    44081046/106    00000    276   40003067194
15053768863      059000029      000024    4408111003/801  00000    277   40003468239
16501868863      059000971      000375    44081046/59     00000    278   40003066293
13712468863      059006968      000097    44081046/50 1   00000    279   40002536052
13712568863      059087964      000575    44081046/51     00000    280   50002732523
16502168863      059007872      001106    44081046/62     00000    281   40003064764
16501968863      059004477      000096    44081046/61     00000    282   40003064762
17978768863      059003258      000448    44081046/48     00000    284   40003417343
16554568863      059005320      000163    44081046/63     00000    286   40002508351
16502068863      059001561      000144    44081046/64     00000    287   40001524641
13712068863      059003847      000554    44081046/46 12  00000    288   40002795892
13711968863      059001390      000806    44081046/45 1   00000    289   40002588304
16568168863      059005333      000558    44081046/43     00000    291   40003066515
15380568863      059005226      000445    44081046/68     00000    292   40002314805
17716168863      059005159      000491    44081046/67     00000    293   40001946697
13711468863      059006486      000416    44081046/40 1   00000    295   40002588901
15381268863      059095185      002330    44081046/70 12  00000    296   50001790258
15380968863      059000149      000000    44081046/69 12  00000    297   40002422498
17309168863      059000164      000041    44081046/39 12  00000    298   40002876285
13711268863      059008612      000702    44081046/38 1   00000    299   40002596837
15469468863      059005539      000498    44081046/72     00000    300   40002074670
15381068863      059003042      000731    44081046/71 12  00000    301   40002303884
15469668863      059000254      000246    44081046/74 12  00000    302   40002227808
15469568863      059005278      000879    44081046/73     00000    303   40002064565
13711168863      059001590      000000    44081046/37 1   00000    304   40002596836
13711068863      059007565      000202    44081046/36 12  00000    305   40002597604
13710968863      059007091      000523    44081046/35 1   00000    306   40003292096
13710868863      059001210      000645    44081046/34 1   00000    307   40002596833
15380668863      059009223      000085    44081046/75     00000    308   40002067387
15380768863      059003568      000587    44081046/76 12  00000    309   40001930914
15596768863      059003933      000972    44081046/77 12  00000    311   40001881476
13710768863      059004015      000215    44081046/33 12  00000    312   40003388903
13710668863      059000342      000753    44081046/32 12  00000    313   40002192468
15597168863      059004706      000159    44081046/80 12  00000    314   40002791942
15596868863      059006029      000362    44081046/79 12  00000    315   40001605635
13710568863      059005976      000325    44081046/31 12  00000    316   40002551299
13710468863      059001314      000194    44081046/30 12  00000    317   40003417900
15596568863      059008951      000074    44081046/81 12  00000    318   40002269436
13710368863      059004322      000324    44081046/29 12  00000    319   40002576219
13710268863      059003785      000895    44081046/28 12  00000    320   40002576283
15597068863      059003790      000197    44081046/84 12  00000    321   40001516202
13710168863      059001359      000358    44081046/27 12  00000    322   40003442955
13710068863      059008892      001484    44081046/26 12  00000    324   40002296118
15860268863      059088671      003230    44081048/86     00000    325   50002481977
13709968863      059001531      000385    44081046/25 12  00000    327   40002170788
17505868863      059002271      008470    44081046/97     00000    328   50002726707
16937568863      059025924      000861    44081046/96     00000    329   50002821475
16660668863      059039770      001363    44081046/95     00000    330   50002741760
15860368863      059095442      000879    44081046/87     00000    332   50001612545
17588468863      059006825      000209    44081046/88     00000    333   50002732967
16660568863      059049555      004904    44081046/94     00000    334   50002461350
15860568863      059005052      000000    44081046/89 12  00000    335   40003026925
17588368863      059000819      000157    44081046/88     00000    336   50003042758
16820568863      059032424      001316    44081046/92     00000    337   50003025594
16660768863      059030522      000801    44081046/91     00000    338   50002743830
13388868863      059081904      000669    44081046/19 12  00000    340   50002332906
17569268863      059006028      000162    44081046/110    00000    341   40003231340
17534568863      059002163      000551    44081046/110    00000    342   40001703585
17534668863      059008930      000511    44081046/110    00000    343   40001359394
17398368863      059047696      001434    44081046/110    00000    344   50002491866
11344068863      059109895      004574    44081046/14 12  00000    345   60002750546
17512168863      059000231      000033    44081001        00000    346   40003225863
14119368863      059006650      000243    440810          00000    348   40002109225
16539568863      059000611      000011    440810327       00000    349   40001489506
00377068863      059013955      001090    44081046/3      00000    351   60002380963
17534868863      059008250      000629    44081046/112    00000    352   50002455678
17321668863      059021087      000529    44081034/4      00000    357   50003024177
17542668863      059002374      000149    44081035/203 1  00000    358   40002945390
12415768863      059007097      000260    44081034/1      00000    359   40003128927
05908868863      059009786      000134    44081034 1      00000    360   40001991892
09307368863      059000005      000000    44081035        00000    361   40002948848
02108168863      059001323      000698    44081041/1      00000    362   40003460047
14795668863      059003988      003502    44081041/199    00000    363   50003046168
05472768863      059003187      001243    44081041/2 12   00000    364   40001784619
07942868863      059001743      000206    44081041/108    00000    365   40001885448
07942768863      059000296      000004    44081041/107    00000    366   40002466483
10253968863      059004492      000489    44081041/106    00000    367   40001902877
07942468863      059006576      000720    44081041/100    00000    369   40001894376
10253768863      059004607      000160    44081041/104    00000    370   40002445296
07942668863      059000165      000602    44081041/103    00000    371   40002195318
07942568863      059002221      000179    44081041/102    00000    372   40003410742
10044068863      059001726      000618    44081041/93 12  00000    373   40002241574
10043968863      059038334      001202    44081041/92 12  00000    374   50003028302
07942368863      059000499      000000    44081041/99     00000    375   40001885728
12938468863      059000185      000001    44081041/98     00000    376   40002436695
10044168863      059006090      000289    44081041/95 12  00000    377   40002815317
07942168863      059004121      000382    44081041/97     00000    378   40000879510
10252368863      059004720      000249    44081041/12     00000    380   40000220769
10252668863      059002922      000224    44081041/15     00000    381   40001343538
10252568863      059001049      000497    44081041/14     00000    382   40000221023
10325868863      059000533      000000    44081041/18     00000    383   40000452031
10253468863      059000005      000000    44081041/17     00000    384   40002265413
13924168863      059000005      000000    44081041/16     00000    385   40002155072
10260468863      059009973      000522    44081041/35     00000    386   40001749535
10260368863      059008000      000256    44081041/34     00000    387   40001752631
10327168863      059003875      000876    44081041/33     00000    388   40002200194
10327068863      059003139      000835    44081041/32     00000    389   40002187269
10326968863      059000219      000223    44081041/31     00000    390   40002815459
10287468863      059001514      000125    44081041/37     00000    391   40003276959
10260568863      059005772      000481    44081041/36     00000    392   40002276887
10326868863      059003855      000148    44081041/30     00000    393   40002838537
10326768863      059007295      000001    44081041/29     00000    394   40002285918
10260768863      059008351      000061    44081041/39     00000    395   40001896369
17330668863      059003200      000451    44081041/38     00000    396   40003223252
10326668863      059001846      000486    44081041/28     00000    397   40002036667
10326568863      059008132      000539    44081041/27     00000    399   40000357001
10287568863      059009268      000696    44081041/41     00000    400   40002085174
10260868863      059007317      000445    44081041/40     00000    401   40001896368
10326468863      059000251      000551    44081041/26     00000    402   40000522629
17630168863      059005262      000312    44081041/25     00000    403   40002575753
14447868863      059001031      000343    44081041/42     00000    405   40002587981
10252868863      059000541      000856    44081041/43     00000    406   40001381946
10326268863      059001947      000604    44081041/24     00000    407   40000448445
10326168863      059001772      000149    44081041/23     00000    408   40002859431
10253068863      059001430      000000    44081041/45     00000    409   40002237043
10252968863      059009163      000136    44081041/44     00000    410   40002115816
10327368863      059005407      000159    44081041/22     00000    411   40000300341
10327268863      059006839      000162    44081041/21     00000    412   40002127710
10253668863      059001495      000000    44081041/46     00000    413   40001902574
10253168863      059008470      000712    44081041/47     00000    414   40001153869
10326068863      059003484      000370    44081041/20     00000    415   40000576078
10325968863      059007956      000022    44081041/19     00000    416   40000355787
10253268863      059009788      000438    44081041/48     00000    417   40002577785
10043768863      059002163      000196    44081041/90 12  00000    418   40003292095
10043868863      059004131      000460    44081041/91 12  00000    419   40001896005
10043668863      059009334      000680    44081041/88 12  00000    420   40002289720
10044268863      059008177      000301    44081041/89     00000    421   40001889064
10327468863      059006718      000111    44081041/67     00000    422   40002949474
10286168863      059006071      000487    44081041/69     00000    423   40001745475
10286068863      059007590      000092    44081041/68     00000    424   40001606036
10286268863      059001698      000159    44081041/71     00000    425   40002427640
10288568863      059001112      000430    44081041/70     00000    426   40001897187
10285968863      059001349      000000    44081041/66     00000    427   40001903399
12392368863      059005138      000122    44081041/65     00000    428   40002496452
10288468863      059002720      000464    44081041/64     00000    429   40002913134
10286368863      059004022      000294    44081041/72     00000    430   40002173991
10288668863      059003580      000243    44081041/73     00000    431   40002140718
10288368863      059006347      000369    44081041/63     00000    432   40002441004
10288268863      059000580      000615    44081041/62     00000    433   40001940675
10288868863      059006095      000597    44081041/75     00000    434   40002305696
12702068863      059007412      000356    44081041/74     00000    435   40002439162
10286568863      059007937      000318    44081041/77     00000    436   40002183711
13313268863      059007350      000125    44081041/76     00000    437   40001657394
10288168863      059007972      000283    44081041/60     00000    438   40002840825
10285768863      059007385      000270    44081041/61     00000    439   40003196333
10286668863      059003716      000371    44081041/78     00000    440   40002180807
10288968863      059005234      000344    44081041/79     00000    441   40001194014
10285668863      059004888      000354    44081041/59     00000    442   40002266318
16615568863      059005094      000728    44081041/58     00000    443   40002855645
10286768863      059007315      000432    44081041/81     00000    444   40001902089
10288068863      059004257      000026    44081041/56     00000    445   40000741485
10285468863      059000067      000497    44081041/57     00000    446   40002230044
10289068863      059003636      000377    44081041/80     00000    447   40001940535
10286968863      059007511      000611    44081041/83     00000    448   40002084990
10286868863      059009292      000013    44081041/82     00000    449   40003376482
10287968863      059000725      000410    44081041/55     00000    450   40001733625
10287868863      059005036      000489    44081041/54     00000    451   40002268038
10287168863      059003486      000263    44081041/85     00000    452   40002281654
10287068863      059005462      000740    44081041/84     00000    453   40002882192
10285368863      059006521      000667    44081041/53     00000    454   40001553686
10285268863      059015168      000145    44081041/52     00000    455   50002476951
10287368863      059008404      001617    44081041/87     00000    456   40002250602
10287268863      059008328      000330    44081041/86     00000    457   40003082368
17198968863      059005032      000538    44081041/51     00000    458   40003194234
10287668863      059097296      001014    44081041/50     00000    459   50002736323
17590568863      059027369      001386    44081041/120 1  00000    460   50001439475
16539268863      059000369      000010    440810646       00000    461   40002160482
07582368863      059077608      000299    44081041/11     00000    462   50002744614
05472868863      059009246      000939    44081041/5 12   00000    463   40003090120
15938268863      059035413      002271    44081041/116 1  00000    464   50002449104
10783468863      059005580      000327    44081040/1      00000    465   40002008864
06196068863      059000578      000279    44081041/7 12   00000    466   40002372901
13511868863      059004992      000386    44081046/20     00000    467   40002498591
09757068863      059001773      000619    44081041/9      00000    468   40001558315
09757168863      059000813      000556    44081041/257    00000    469   40000000006
13019568863      059078836      001258    44081041/285    00000    470   50001578217
13960068863      059046453      001996    44081041/114 1  00000    471   50002487576
17930468863      059001552      000093    44081041/122 1  00000    472   50003039146
09756968863      059003705      000359    44081041/8      00000    473   40002852954
10789668863      059007086      000551    44081041/109 1  00000    475   50001947751
10789568863      059006883      000426    44081041/10 12  00000    476   40003388907
07572368863      059006749      000054    44081030        00000    477   40000000006
12404768863      059000533      001120    44081041/112    00000    478   40003388905
13311568863      059006637      004107    44081008        00000    479   60238301268
10032768863      059009276      000529    44081048 12     00000    480   40001678844
18021968863      059001464      000722    44081046/123 1  00000    481   50002893497
13927568863      059008631      000185    44081046/24     00000    482   40002090260
13927668863      059003011      000310    44081046/21     00000    483   40002090261
13667968863      059004080      000209    44081046/23 1   00000    484   40002355249
13667868863      059006229      000036    44081046/22 1   00000    485   40002355250
13272368863      059004790      000136    44081037/5      00000    486   40001468539
17996868863      059000995      000184    44081016/1 12   00000    487   40003284538
07929968863      059005089      000480    44081037/2 12   00000    488   40002145353
11591968863      059008096      000362    4408106/6       00000    489   40002628952
06807368863      059000140      000024    44081041/246 1  00000    490   50003363235
06411468863      059005345      000810    44081021/1 11   00000    491   40002952006
16539068863      059000790      000000    440810478       00000    492   40002917699
14587168863      059001207      000693    44081021/12 11  00000    683   40000356735
13258568863      059008504      001192    44081022/1      00000    684   40002441576
15614868863      059085841      001506    44081021/236    00000    685   50002744515
14726368863      059001933      000318    44081021/80     00000    686   40002474125
13445668863      059008917      001348    44081021/16 1   00000    687   50001541379
13263668863      059049575      002110    44081021/15     00000    688   50001534840
01463568863      059005683      000180    44081021 11     00000    689   40000853336
18157568863      059000005      000000    44082041/105    00000    999   40003472610
