038106850000000000000000000000000000000000000000000000000000000000000000000000000000
10190368854      054005668      000332    44081026/295    00000    004   40000402967
16500368854      054027775      000831    44081026/296    00000    005   50001686603
10190268854      054000437      000005    44081026/294    00000    006   40000386647
10190168854      054000678      000518    44081026/293    00000    007   40000219878
10190068854      054002279      000677    44081026/292    00000    008   40001932759
17317368854      054003121      000973    44081026/291    00000    009   40002866905
10189868854      054005898      000392    44081026/290    00000    011   40001892347
10189768854      054007876      000639    44081026/289    00000    012   40001455564
10189668854      054014050      000215    44081026/288    00000    013   50002214114
03867968854      054006220      000341    44081022/1 7    00000    014   40000537204
09781568854      054003703      000456    44081026/286    00000    015   40001942276
09339368854      054005660      000182    44081026/129    00000    016   40000204610
09781468854      054008310      000098    44081026/285    00000    017   40000349689
09781368854      054002568      000146    44081026/284    00000    018   40000418178
09339568854      054004509      000260    44081026/131    00000    019   40000586210
09339468854      054007202      000425    44081026/130    00000    020   40000305118
09781268854      054002826      000137    44081026/283    00000    021   40002953481
09781168854      054002441      000104    44081026/282    00000    022   40002947669
09339768854      054009993      000336    44081026/133    00000    023   40000398229
09339668854      054002719      000180    44081026/132    00000    024   40001374568
09781068854      054000958      000143    44081026/281    00000    025   40002940653
09780968854      054007934      000369    44081026/280    00000    026   40001497047
09339968854      054008494      000742    44081026/135    00000    027   40002911231
09339868854      054003590      000318    44081026/134    00000    028   40002916987
10522968854      054004381      000012    44081026/279    00000    029   40000810864
09780768854      054000206      000067    44081026/278    00000    030   40003227623
09340168854      054002140      000222    44081026/137    00000    031   40002361647
09340068854      054001696      000040    44081026/136    00000    032   40003223229
09780668854      054000033      000406    44081026/277    00000    033   40002278807
09780568854      054007679      000451    44081026/276    00000    034   40002564933
09340268854      054009613      000092    44081026/138    00000    035   40001675540
09649768854      054000838      000165    44081026/139    00000    036   40003236999
09780468854      054002462      000444    44081026/275    00000    037   40000323544
09725968854      054003184      000068    44081026/274    00000    038   40002974978
09649868854      054004243      000601    44081026/140    00000    039   40001904674
09725868854      054005982      000748    44081026/273    00000    040   40002065296
09725768854      054000538      000032    44081026/272    00000    041   40001866202
09725668854      054045785      000014    44081026/271    00000    042   50002485734
09725568854      054002994      000593    44081026/270    00000    043   40002853233
09725468854      054008409      000171    44081026/269    00000    044   40002177677
09725368854      054009628      000934    44081026/268    00000    045   40000374005
09725268854      054006547      000260    44081026/267    00000    046   40001603553
09842868854      054002880      000285    44081026/266    00000    047   40001780790
09842768854      054008784      000286    44081026/265    00000    048   40002108842
09842668854      054005882      000025    44081026/264    00000    049   40000791578
09842568854      054001378      000130    44081026/263    00000    050   40002229749
09842468854      054001011      000243    44081026/262    00000    051   40000871630
09842368854      054005465      000462    44081026/261    00000    052   40002245468
09842168854      054004570      000374    44081026/259    00000    054   40003238792
09844568854      054000103      000445    44081026/257    00000    055   40001666153
09841968854      054004839      000799    44081026/256 7  00000    056   40002303401
09841868854      054032180      001158    44081026/255    00000    057   50001578311
09841768854      054007291      000243    44081026/254    00000    058   40002807272
09844468854      054005180      001077    44081026/253    00000    059   40000707574
09839868854      054007417      000722    44081026/232    00000    060   40001594875
09843068854      054000750      000007    4408108/84      00000    061   40001670000
09844168854      054004680      000522    44081026/231    00000    062   40003192126
09839768854      054005871      000401    44081026/230    00000    063   40000324047
09839668854      054005022      000109    44081026/229    00000    064   40001657864
09839568854      054005569      000034    44081026/228    00000    065   40001780870
09839468854      054001581      000732    44081026/227    00000    066   40003459582
09844268854      054002220      000534    44081026/251    00000    067   40001666003
09844368854      054009525      000759    44081026/252    00000    068   40001665819
09841668854      054004700      000155    44081026/250    00000    069   40001396091
09841568854      054008996      000576    44081026/249    00000    070   40000368799
09841468854      054002351      000494    44081026/248    00000    071   40002561828
09841368854      054005210      000558    44081026/247    00000    072   40000704775
09841268854      054006536      000517    44081026/246    00000    073   40001646777
09841168854      054002246      000485    44081026/245    00000    074   40000566596
09838768854      054003775      000268    44081026/219    00000    075   40001637233
09838668854      054006392      001185    44081026/218    00000    076   40000522541
09838568854      054000514      000452    44081026/217    00000    077   40003192135
09838968854      054003422      000462    44081026/221    00000    078   40002471453
09838868854      054009476      000143    44081026/220    00000    079   40001478400
09838468854      054005496      000459    44081026/216    00000    080   40001908509
09838368854      054007036      000679    44081026/215    00000    081   40002306820
09844068854      054031778      000227    44081026/223    00000    082   50002476307
09839068854      054008204      001192    44081026/222    00000    083   40003389146
09838268854      054001611      000145    44081026/214    00000    084   40002135372
09838168854      054002374      000299    44081026/213    00000    085   40001552075
09839268854      054009550      000200    44081026/225    00000    086   40001466745
09839168854      054000904      000297    44081026/224    00000    087   40003443145
09843968854      054000872      001161    44081026/212    00000    088   40001430538
09838068854      054009300      000570    44081026/211    00000    089   40001717688
09839368854      054005286      000763    44081026/226    00000    090   40001666261
09837968854      054000149      001000    44081026/210    00000    091   40029138850
09841068854      054008456      000251    44081026/244    00000    092   40000963410
09840968854      054002745      000736    44081026/243    00000    093   40001919643
09840868854      054009497      000468    44081026/242    00000    094   40002526906
09840768854      054002350      000476    44081026/241    00000    095   40002189756
09840668854      054007932      000504    44081026/240    00000    096   40002124482
09840568854      054005235      000486    44081026/239    00000    097   40003060768
09840468854      054002839      000456    44081026/238    00000    098   40002587298
09840368854      054000580      000163    44081026/237    00000    099   40003129908
09840268854      054001351      000853    44081026/236    00000    100   40001645631
09840168854      054000071      000686    44081026/235    00000    101   40002417780
09840068854      054004653      001421    44081026/234    00000    102   40003187649
09839968854      054006085      000515    44081026/233    00000    103   40002288440
09837268854      054000744      000128    44081026/198    00000    104   40000680752
09837168854      054001942      000205    44081026/197    00000    105   40001696603
09837068854      054009704      000269    44081026/196    00000    106   40002873160
09837368854      054003457      000618    44081026/199    00000    107   40000293324
09843468854      054009536      000430    44081026/201    00000    108   40001735345
09836968854      054003158      000237    44081026/195    00000    109   40003289380
09836868854      054007211      000472    44081026/194    00000    110   40001696968
09837468854      054006839      000388    44081026/200    00000    111   40002582466
09836768854      054009149      000708    44081026/193    00000    112   40002849847
09837668854      054002527      000536    44081026/203    00000    114   40002499445
09837568854      054002291      000304    44081026/202    00000    115   40002272461
09836568854      054008899      000198    44081026/191    00000    116   40001262047
09836468854      054009237      000123    44081026/190    00000    117   40001696811
09837768854      054002767      000007    44081026/204    00000    118   40003120472
09836368854      054002677      000311    44081026/189    00000    119   40003406985
09836268854      054007357      000164    44081026/188    00000    120   40001700507
09843568854      054000623      001082    44081026/206    00000    121   40001564857
09837868854      054008381      000147    44081026/205    00000    122   40000439657
09843668854      054003463      000709    44081026/207    00000    123   40001743456
09843768854      054008836      000144    44081026/208    00000    124   40002186928
09836168854      054002641      000118    44081026/187    00000    125   40001696813
09835968854      054008333      000129    44081026/185    00000    127   40002840841
09835868854      054009326      000029    44081026/184    00000    128   40001695779
09843868854      054009173      000316    44081026/209    00000    129   40002559556
09835768854      054001610      000259    44081026/183    00000    130   40003417972
09835668854      054005084      000566    44081026/182    00000    131   40000717738
09835568854      054009093      000830    44081026/181    00000    132   40001807663
09835468854      054002452      000121    44081026/180    00000    133   40003049871
09835368854      054002574      000263    44081026/179    00000    134   40001637405
09835268854      054004431      000193    44081026/178    00000    135   40002979251
09843368854      054004518      000586    44081026/177    00000    136   40001671889
09835168854      054003253      000242    44081026/176    00000    137   40001640688
09835068854      054007586      000448    44081026/175    00000    138   40000000006
09834968854      054002169      000670    44081026/174    00000    139   40003060657
09834868854      054008530      001484    44081026/173    00000    140   40001931979
09834768854      054007775      000638    44081026/172    00000    141   40000990580
09834668854      054002195      000785    44081026/171    00000    142   40002444290
09834568854      054000938      000423    44081026/170    00000    143   40001636885
09834468854      054003421      000486    44081026/169    00000    144   40002067830
09834368854      054005985      000185    44081026/168    00000    145   40001635954
09834268854      054008782      000455    44081026/167    00000    146   40003100377
09834168854      054001884      000581    44081026/166    00000    147   40003255800
09834068854      054003878      000384    44081026/165    00000    148   40001747439
09833968854      054006149      000754    44081026/164    00000    149   40001484137
09833868854      054003036      000440    44081026/163    00000    150   40002596733
09833768854      054001246      000388    44081026/162    00000    151   40001757288
09833568854      054008782      000099    44081026/160    00000    152   40001547600
09833468854      054007287      000220    44081026/159    00000    153   40001062980
09833368854      054000176      000086    44081026/158    00000    154   40001736145
09833268854      054008058      000154    44081026/157    00000    155   40000654007
13700168854      054006877      000488    44081026/156    00000    156   40001548655
09833168854      054003676      000552    44081026/155    00000    157   40003407279
09833068854      054005114      000257    44081026/154    00000    158   40002264119
09832968854      054004913      000182    44081026/152    00000    159   40002068363
09843168854      054009621      000460    44081026/153    00000    160   40001212087
09832868854      054005713      000731    44081026/151    00000    161   40003406984
09832768854      054006052      000055    44081026/150    00000    162   40002921419
09832668854      054002959      000424    44081026/149    00000    163   40003407147
09832568854      054006562      000835    44081026/148    00000    164   40002314587
09996568854      054005288      000139    44081030/2 8    00000    165   40001502687
01123468854      054007399      000429    44081029 8      00000    166   40001889282
09650468854      054001981      000658    44081026/147    00000    167   40001648284
09650368854      054006025      000070    44081026/146    00000    168   40003124051
09650568854      054005864      000188    44081026/145    00000    169   40002582126
09650268854      054009929      000166    44081026/144    00000    170   40001774912
09650168854      054009780      000408    44081026/143    00000    171   40001119304
09650068854      054007258      000562    44081026/142    00000    172   40003055993
09649968854      054004308      000506    44081026/141    00000    173   40003173320
01123368854      054001117      000468    44081030 4      00000    174   40001253861
01123268854      054005299      001451    44081031 8      00000    175   40002543061
11596268854      054006384      000149    44081030/1      00000    176   40001722869
91031568854      054000770      000255    440810          00000    177   40003450553
15855668854      054002092      000227    44081066/6      00000    250   40003406626
16543468854      054000027      000000    4405122-3       00000    251   40002351202
14123468854      054008810      001032    4408101/633     00000    252   40002873398
07475368854      054155735      004581    440810100 8     00000    253   60002380200
06678968854      054000230      000577    4408101/3 8     00000    254   40002182242
06704468854      054007396      000286    4408101 8       00000    255   40000980912
12891568854      054000782      000840    4408101/620 8   00000    256   40001011629
17614468854      054005601      000843    4408101/675 8   00000    257   40003255547
12797668854      054007344      000293    4408101/597     00000    258   40002474207
12902368854      054001025      001103    4408101/596     00000    259   40002474209
16677768854      054036441      000823    4408101/599 8   00000    260   50003025633
12797768854      054012857      000586    4408101/598     00000    262   50002735999
12902268854      054042491      000470    4408101/595     00000    264   50002822052
12902168854      054061587      001017    4408101/594     00000    265   50001438727
12902068854      054003469      000000    4408101/593     00000    266   40002474199
12901968854      054014128      000218    4408101/592     00000    267   50002085915
17163468854      054001761      002178    4408101/622     00000    270   40003388523
17458168854      054062793      003067    4408101/674 8   00000    272   50003046967
16544068854      054000038      000000    4408102-3       00000    274   40002771306
12537868854      054008228      000235    44081065/1 8    00000    276   40000292335
05134568854      054006511      000160    44081090        00000    278   40001183659
04106768854      054006124      000217    44081073 8      00000    279   40000898192
06594768854      054001056      000078    44081075 8      00000    280   40001707109
05663368854      054002474      000095    44081092 8      00000    281   40001984263
04106168854      054006416      000339    44081084 8      00000    282   40000962655
04106068854      054008204      000143    44081076 8      00000    283   40001095205
04105968854      054006265      000289    44081094        00000    284   40001095204
16743868854      054004315      000115    44081095/1 8    00000    285   40002788201
04105868854      054008537      000318    44081086 8      00000    287   40002989073
04105768854      054004142      000005    44081085 8      00000    288   40002250038
09603268854      054001877      000132    44081097        00000    290   40000940855
04550368854      054003096      000135    44081086 8      00000    291   40001056309
04106268854      054000934      000039    44081088 8      00000    292   40001977936
07103268854      054003308      000221    44081098 8      00000    293   40003219744
05297468854      054005081      000260    44081064/1 8    00000    294   40001186381
07760768854      054003497      000170    44081056 8      00000    295   40001704276
08970468854      054000717      000722    44081074        00000    296   40003173318
04107068854      054004676      000108    44081064 8      00000    297   40001085759
04106968854      054001307      000205    44081064 8      00000    298   40003235128
13016968854      054009593      000126    44081074/1      00000    299   40001809985
07525068854      054007673      000224    44081072        00000    300   40000670699
09508768854      054007106      000161    44081072/1      00000    301   40000861771
09769168854      054004746      000094    44081054/1      00000    302   40000439070
14883568854      054002850      000138    44081059/2      00000    303   40002791173
09273668854      054006145      000089    44081071/1      00000    304   40000144278
05158368854      054001849      000085    44081065 8      00000    305   40002989045
05043268854      054001343      000253    44081070 8      00000    306   40001354297
06670468854      054000679      000240    44081068/1 8    00000    307   40001385635
05095968854      054002168      000119    44081068 8      00000    308   40002091578
12911368854      054008093      000093    44081059        00000    309   40001876719
04106468854      054003807      000078    44081058 8      00000    310   40000954235
06633768854      054003879      000375    44081066 8      00000    311   40001382117
04438368854      054003435      000123    44081067 8      00000    312   40001111304
04106868854      054001587      000160    44081065 8      00000    313   40001067866
04106668854      054008834      000127    44081067 8      00000    314   40000740838
06452568854      054005120      000241    44081035 8      00000    315   40001384503
12797168854      054004082      000054    44081036        00000    316   40000668738
05690268854      054007414      000091    44081047 8      00000    317   40000914249
04511668854      054000011      000124    44081034 8      00000    318   40000334510
04107168854      054006110      000238    44081048 8      00000    319   40000249177
04105668854      054002533      000224    44081046 8      00000    320   40002912509
12210768854      054001919      000159    44081037 8      00000    321   40001869257
07922768854      054005053      000174    44081055        00000    322   40001715190
03323568854      054007950      000119    44081051 5      00000    323   40000981062
03323068854      054004090      000137    44081050 8      00000    324   40001717025
03323468854      054003471      000517    44081037 8      00000    325   40002103600
08554068854      054003542      000128    44081099        00000    326   40001180241
04648968854      054006706      000085    44081038 8      00000    327   40001051374
03323268854      054000718      000140    44081039 8      00000    328   40001657164
03323168854      054006811      000253    44081053 8      00000    329   40000283101
13281468854      054001366      000394    44081049 8      00000    330   40000802665
13261868854      054008499      000120    44081049/1      00000    331   40001442278
06643368854      054003370      000112    44081041 8      00000    332   40001387010
03323368854      054008868      000140    44081054 8      00000    333   40002001085
04480068854      054009271      000114    44081042 8      00000    334   40001056821
08710168854      054009920      000129    44081043        00000    335   40000606064
07479768854      054002661      000237    44081043/2 8    00000    336   40001776252
07499168854      054000073      000222    44081043/1 8    00000    337   40001023954
06774868854      054007553      000328    44081044 8      00000    338   40001366946
06445768854      054000734      000254    44081045        00000    339   40001355769
09601768854      054003462      000153    44081061        00000    340   40003151737
09022868854      054005796      000634    4408101/399     00000    341   40002795380
09022768854      054020313      001109    4408101/398     00000    342   50002741925
09022968854      054006544      000239    4408101/400     00000    343   40003081228
09023068854      054002637      000259    4408101/401     00000    344   40001461857
09023268854      054007621      000194    4408101/403     00000    345   40001452193
09023168854      054001195      000456    4408101/402     00000    346   40003288616
09024668854      054005487      000236    4408101/417     00000    347   40002777731
09024568854      054000108      000302    4408101/416     00000    349   40001977181
09023468854      054000098      000304    4408101/405     00000    350   40001452235
09023368854      054004680      000084    4408101/404     00000    351   40003193822
09024868854      054000322      000223    4408101/419     00000    352   40003320998
09024768854      054002985      000094    4408101/418     00000    353   40002374575
09023668854      054001051      000736    4408101/407     00000    354   40002556856
09023568854      054003705      000394    4408101/406     00000    355   40002589023
09025068854      054009609      000238    4408101/421     00000    356   40001450487
09024968854      054000253      000319    4408101/420     00000    357   40002955230
09023868854      054001530      000250    4408101/409     00000    358   40001319221
09023768854      054004716      000306    4408101/408     00000    359   40001868788
09025268854      054001998      000255    4408101/423     00000    360   40002235381
09025168854      054001599      000189    4408101/422     00000    361   40000392467
09024068854      054002293      000121    4408101/411     00000    362   40002786626
09023968854      054007731      000172    4408101/410     00000    363   40002772219
09025368854      054002928      000043    4408101/424     00000    364   40002804672
18146168854      054000161      000078    4408101/412     00000    365   50003216951
09024268854      054009188      000864    4408101/413     00000    366   40003378464
09024368854      054004739      000329    4408101/414     00000    367   40000433536
12340268854      054006181      001102    4408101/415     00000    368   40002557776
09317868854      054009733      000457    4408101/479     00000    369   40001984974
09316968854      054008506      000361    4408101/470     00000    370   40000548670
09318068854      054002461      000154    4408101/481     00000    371   40000463005
09317968854      054001046      000263    4408101/480     00000    372   40000383208
09317168854      054000822      000402    4408101/472     00000    373   40000430095
09318268854      054007342      000354    4408101/483     00000    374   40002100056
09318168854      054006595      000297    4408101/482     00000    375   40003147412
09317368854      054007660      001151    4408101/474     00000    376   40002228273
09317268854      054002705      000285    4408101/473     00000    377   40001826281
09318468854      054004150      000167    4408101/485     00000    378   40003137873
09317468854      054077542      003572    4408101/475     00000    380   50002328134
09318668854      054004894      000303    4408101/487     00000    381   40002913158
09318568854      054007117      000757    4408101/486     00000    382   40001694667
09317768854      054006091      000234    4408101/478     00000    383   40000392616
10463168854      054036817      000310    440810201 8     00000    385   50001951821
90960768854      054006077      000832    4408102         00000    386   40001607445
13084568854      054021493      001376    440810201/1     00000    387   50001134721
90995068854      054001211      001173    440810201/1     00000    388   40001553335
09131668854      054007679      000369    4408101/469     00000    389   40001328891
09131568854      054001588      000081    4408101/468     00000    390   40002562830
09131168854      054002369      000214    4408101/464     00000    391   40002912097
09127868854      054007969      000180    4408101/431     00000    392   40000549517
09127768854      054004418      000227    4408101/430     00000    393   40003231325
09131068854      054004690      000125    4408101/463     00000    394   40003231385
09130968854      054008006      000338    4408101/462     00000    395   40001461366
09127968854      054000867      000180    4408101/432     00000    396   40003417814
09130868854      054000251      000148    4408101/461     00000    397   40001470545
09130768854      054004318      000188    4408101/460     00000    398   40001780080
09128068854      054003076      000778    4408101/433     00000    399   40001479837
09130668854      054005168      000264    4408101/459     00000    400   40001449436
09130568854      054002853      000463    4408101/458     00000    401   40001470546
09128268854      054005046      000215    4408101/435     00000    402   40002911257
09128168854      054008138      000116    4408101/434     00000    403   40001494934
09130368854      054008349      000564    4408101/456     00000    404   40000546571
09130468854      054000270      000132    4408101/457     00000    405   40003306222
09128468854      054009795      000710    4408101/437     00000    406   40001502587
09128368854      054006299      000186    4408101/436     00000    407   40001502588
09130268854      054003184      000122    4408101/455     00000    408   40001461357
09130168854      054009322      000422    4408101/454     00000    409   40001461358
09128668854      054003103      000227    4408101/439     00000    410   40003157979
09128568854      054000646      000142    4408101/438     00000    411   40003305584
09130068854      054001652      000441    4408101/453     00000    412   40001469128
09129968854      054008198      000405    4408101/452     00000    413   40001469127
09128868854      054000005      000000    4408101/441     00000    414   40003305478
09129868854      054003863      000236    4408101/451     00000    416   40002971010
09129768854      054004612      000162    4408101/450     00000    417   40001469130
09129068854      054000387      000595    4408101/443     00000    418   40001634855
09128968854      054003790      000123    4408101/442     00000    419   40002153344
09129668854      054005763      000752    4408101/449     00000    420   40001470301
09129568854      054005141      000493    4408101/448     00000    421   40001469187
09129268854      054006817      000466    4408101/445     00000    422   40001495455
09129168854      054002437      000256    4408101/444     00000    423   40001208909
09129468854      054000026      000283    4408101/447     00000    424   40003312345
07860468854      054000516      000686    4408101/446 8   00000    425   40000836016
09127668854      054006579      000597    4408101/429     00000    426   40002575085
09127568854      054004956      000072    4408101/428     00000    427   40002318001
09127468854      054000074      000069    4408101/427     00000    428   40003453353
11972468854      054004864      000627    44081032/61 8   00000    429   40002041543
06317668854      054007989      000656    44081032 8      00000    430   40001738768
06317468854      054007312      000231    44081032/6 8    00000    431   40002150350
06317368854      054008875      000682    44081032/7 8    00000    432   40000230109
06888968854      054004922      000248    44081032/9 8    00000    434   40002172599
06317568854      054008970      000137    44081032/5 8    00000    435   40000764283
12796668854      054004780      000993    44081032/62     00000    436   40002268018
08383668854      054001030      000151    44081032/10     00000    437   40001392461
15868568854      054001980      001107    440810          00000    438   40003196568
16638268854      054013405      001258    44081032/74 8   00000    439   50003022490
16638368854      054016184      000730    44081032/75 8   00000    441   50003028656
17149668854      054037146      003199    44081032/140    00000    443   50003047592
17149968854      054000028      000000    44081032/143    00000    444   40003194318
17149868854      054022507      001574    44081032/142    00000    445   50002393030
17729368854      054007637      001413    44081032/144    00000    446   50002447904
17195868854      054000087      001223    44081032/110 8  00000    447   40002854117
17196068854      054000022      000001    44081032/115 8  00000    448   40002833851
17195968854      054000032      000005    44081032/114 8  00000    449   40002876288
17446768854      054005005      000196    44081032/162 8  00000    450   50002455724
17148968854      054000761      000062    44081032/90     00000    451   40003194314
17148868854      054002620      000001    44081032/89     00000    452   40003194313
18003868854      054000216      000070    44081032/88 8   00000    453   40003396738
18029668854      054000005      000000    44081032/87 8   00000    454   40003443170
17770968854      054002322      000208    44081032/85     00000    455   40003102379
17776368854      054001422      001031    44081032/84     00000    456   40003404578
17148768854      054001353      000000    44081032/83     00000    457   40003194312
17714968854      054013631      000460    44081032/82     00000    458   50002050535
17195768854      054001885      000000    44081032/81 8   00000    459   40003051213
17487268854      054000266      000054    44081032/79     00000    460   40003218596
18001268854      054000005      000000    44081032/78 8   00000    461   40002860811
17872668854      054002908      000412    44081032/77 8   00000    462   40003197416
17149468854      054023955      003708    44081032/99     00000    463   60002753204
17857468854      054003622      000633    44081032/103    00000    464   50002818726
17149568854      054007417      002532    44081032/109    00000    465   40003197062
17149368854      054002867      000375    44081032/97     00000    466   40003197048
18001468854      054000005      000000    44081032/96 8   00000    467   40003383572
17770868854      054008125      000584    44081032/95     00000    468   40003102245
17149068854      054053646      002206    44081032/92     00000    471   50003027978
17149168854      054008167      001404    44081032/93     00000    472   40003197061
17149268854      054004328      000839    44081032/94     00000    473   40003198291
17323768854      054004423      002104    440810          00000    474   40003459573
17854768854      054000168      000019    440810          00000    475   40001869192
18029468854      054000053      000048    44081032/80     00000    476   40003443168
18029568854      054000006      000001    44081032/86     00000    477   40003443172
18167668854      054000005      000000    44080361/1 8    00000    999   40003321130
18167968854      054000005      000000    44080332/104 8  00000    999   40003470111
10007368904      054024006      002679    44081110/6      00000    004   50002016525
10007268904      054002410      000426    4408117         00000    005   40001933658
10007468904      054066189      002205    44081110/9      00000    007   50003038368
14598068904      054002542      000352    440811          00000    008   40001817878
17357168904      054016321      000632    44081156/21 11  00000    009   50002734268
05323468904      054041533      001237    44081156/16 12  00000    010   50000888273
12336468904      054012458      000696    44081156/37     00000    012   50001947985
05225468904      054002872      000468    44081156/17     00000    013   40001116273
17838868904      054000465      000578    44081156/48 14  00000    014   40003193539
09996468904      054003211      000588    44081190/2 12   00000    015   40003132595
06925668904      054001493      000501    44081189 12     00000    016   40001709180
06876268904      054002262      000177    44081190/1 12   00000    017   40003228629
06140968904      054008500      001159    44081156/25 11  00000    018   40001214493
09432668904      054006225      000436    44081188        00000    019   40001498736
91006068904      054000573      000149    440811          00000    020   40002835373
15246468904      054035951      001591    44081156/41 1   00000    023   60002756631
01253268904      054005205      000171    44081156/4 12   00000    024   40001424854
05494168904      054006736      000676    44081156/24 12  00000    025   40001929400
05391768904      054005024      000000    44081156/23 12  00000    026   40002198112
10061168904      054054315      001125    44081156/30     00000    027   50002740313
13674768904      054003318      001355    44081156/42 42  00000    028   40002533224
01652768904      054006764      000349    44081156 12     00000    029   40002033421
07939068904      054061095      001178    44081152        00000    031   50001954583
01652668904      054001353      000132    44081191/1 12   00000    032   40003218390
12505568904      054093801      001329    44081156/38     00000    033   50002329339
90942168904      054006543      001497    44081156/26     00000    035   40003204620
10352268904      054001443      000479    44081156/32     00000    036   40002361482
05502968904      054008838      000503    44081156/18 1   00000    037   40003100502
08974068904      054000105      000183    44081156/28     00000    038   40001630894
09036668904      054032472      001616    44081191/4      00000    039   50002452399
09596668904      054007875      000232    44081191/6      00000    041   40001605487
17217168904      054016513      000504    44081191/10 42  00000    042   50002490793
13399768904      054006537      000141    44081191/8 12   00000    043   40002240419
09269868904      054004291      000433    44081191/5      00000    045   40002795187
05502868904      054007581      000175    44081156/9 1    00000    046   40001242322
05502768904      054002505      000212    44081156/10 1   00000    047   40001400857
17925368904      054000767      000088    44081156/45 12  00000    048   40002118765
09724468904      054006930      000527    44081156/29     00000    049   40001287272
08587068904      054009884      000473    44081156/27     00000    050   40001556146
16591668904      054197579      004921    44081160/347 1  00001    052   60002901058
12054268904      054003721      000539    44081160/150    00000    053   40002189738
12054068904      054008486      000270    44081160/1      00000    054   40000736397
06160168904      054002598      000134    44081160 12     00000    056   40000135559
15945368904      054009041      000198    44081160/348    00000    057   40003057894
17678268904      054001722      000066    44081160/353    00000    058   40003156899
17678168904      054001851      000109    44081160/352    00000    059   40003157988
17678068904      054003581      000186    44081160/351    00000    060   40002136628
17677968904      054001021      000089    44081160/350    00000    061   40002972323
17615968904      054006920      000398    44081160/344 1  00000    062   40001713601
15816068904      054023440      000458    44081160/345    00000    063   50002484055
17421668904      054001082      000041    44081160/349 1  00000    064   40001432351
14873668904      054000678      000224    44081156/39     00000    065   40003288132
04078468904      054018686      000459    44081156/11     00000    066   50002822260
04150168904      054047182      000494    44081156/12     00000    068   50001120826
10979968904      054006662      000298    44081156/11     00000    069   40002081324
04294368904      054073800      000420    44081156/7 12   00000    070   50001124159
06568868904      054000010      000358    44081186/20 12  00000    071   40003257661
00568568904      054092556      001716    44081156/46 14  00000    072   50002889817
15859468904      054001124      000118    44081156/31 42  00000    073   40003268980
05284268904      054001278      000197    44081156/20 4   00000    074   40003380840
04579168904      054006037      000743    44081156/14 12  00000    075   50001788829
05284168904      054006999      000666    44081156/19 4   00000    076   40001772776
00457068904      054006961      001000    44081156/2      00000    077   40000450470
17438168904      054000234      000012    44081186/10 14  00000    078   40003105629
00066868904      054000395      000313    44081110 5      00000    079   40001600998
05522368904      054007732      000237    44081186/6 12   00000    080   40001246536
04824168904      054006669      000237    44081186/9 12   00000    081   40001112813
01478168904      054000785      000301    44081183 12     00000    083   40002946265
01016468904      054003017      000095    4408119         00000    084   40000738434
00658068904      054004835      000177    44081187/4      00000    085   40001697646
00570468904      054004065      000203    44081175 6 5    00000    086   40002801627
16935668904      054003480      000113    4408117/2       00000    087   40002912197
00757868904      054001850      000079    44081186        00000    088   40001502217
00757768904      054008510      000451    4408117         00000    089   40002915277
17451668904      054002693      000134    44081184/7 14   00000    090   40001511002
00670868904      054006567      000406    44081184/2 12   00000    091   40002149404
16161468904      054000914      002962    44081186/66 12  00000    092   50002820388
05849668904      054004810      000120    44081184/5 12   00000    093   40000606836
16874668904      054003279      000082    44081183/5      00000    094   40003157903
02074468904      054006091      000237    44081186/1      00000    095   40002362590
02053768904      054005794      000246    44081184/3 12   00000    096   40000720219
00806368904      054002247      000142    44081134 11     00000    097   40001501458
00670768904      054007355      000535    44081186/2      00000    098   40000983606
05742768904      054004353      000204    44081186/13 12  00000    099   40001983687
02476468904      054000652      000352    44081186/3 12   00000    100   40000787640
01279568904      054001606      000234    44081186/4 12   00000    101   40000787367
10257968904      054009884      000270    44081186/61     00000    102   40001276142
06675068904      054005703      000143    44081186/21 12  00000    103   40001376053
11370068904      054009805      000553    44081186/63     00000    105   40001577387
10257768904      054007092      000578    44081186/59     00000    106   40001343134
10257668904      054009907      000666    44081186/58     00000    107   40000564155
10257568904      054002230      000694    44081186/57     00000    108   40003251365
10257468904      054000367      000448    44081186/56     00000    109   40002529743
10257368904      054009937      000974    44081186/55     00000    110   40002936262
10257868904      054000752      000132    44081186/60     00000    112   40001988742
10257168904      054005671      000585    44081186/53     00000    113   40001426595
10257068904      054000437      000201    44081186/52     00000    114   40002599747
10256168904      054004301      000197    44081186/43     00000    115   40003406996
10256068904      054002032      000184    44081186/42     00000    116   40002073069
10255968904      054007980      000186    44081186/41     00000    117   40001773265
10255868904      054000212      000540    44081186/40     00000    118   40002971141
10255768904      054006797      000900    44081186/39     00000    119   40001849943
10255668904      054009149      000166    44081186/38     00000    120   40002343268
10255568904      054004356      000045    44081186/37     00000    121   40001249278
10256968904      054006276      000523    44081186/51     00000    122   40001934636
14497968904      054004049      000379    44081186/36     00000    123   40001739700
10256868904      054001297      000351    44081186/50     00000    124   40001406596
10256768904      054000131      000246    44081186/49     00000    125   40002515845
10255368904      054000449      000170    44081186/35     00000    126   40002139881
10255268904      054005187      000628    44081186/34     00000    127   40001455380
10256668904      054005491      000471    44081186/48     00000    128   40002183371
10256568904      054002300      000114    44081186/47     00000    129   40000918511
10255168904      054009789      000153    44081186/33     00000    130   40002139287
10255068904      054000100      000972    44081186/32     00000    131   40003225748
10256468904      054009166      000422    44081186/46     00000    132   40001938070
10256368904      054003965      000104    44081186/45     00000    133   40002920530
10254868904      054000256      000246    44081186/30     00000    134   40002084104
10254968904      054000378      000124    44081186/31     00000    134   40003284531
10256268904      054003649      000211    44081186/44     00000    135   40001938069
10254768904      054009920      000026    44081186/29     00000    136   40001510644
10254668904      054007112      000324    44081186/28     00000    137   40001942084
10254368904      054002857      000267    44081186/25     00000    138   40002789364
15836468904      054003049      000131    44081186/24     00000    139   40003213052
10254568904      054000052      000047    44081186/27     00000    140   40001861501
10254468904      054009709      000207    44081186/26     00000    141   40001861499
05711968904      054002434      000270    44081186/17 12  00000    143   40001168688
11034268904      054002280      000211    4408112         00000    144   40000347116
11166168904      054007070      000812    44081128        00000    145   40000421319
10327668904      054007469      000353    4408117/7       00000    146   40001905229
04205168904      054004130      000122    4408117/3 12    00000    147   40003142984
09217168904      054005677      000902    4408117/5       00000    148   40003051962
04956268904      054009472      000174    44081110/4 12   00000    149   40001185757
17181768904      054005001      000156    44081186/23     00000    150   40002774809
17670668904      054005844      000425    44081115 42     00000    151   40002427582
01446668904      054005762      000005    44081192 12     00000    152   40000225587
07436968904      054071606      002214    44081192/10     00000    153   50002446996
08366368904      054000293      000178    44081176/2      00000    154   40001316055
01595868904      054001935      000220    44081192/4 12   00000    155   40003065341
01596168904      054002291      000386    44081192/5 12   00000    156   40001425663
05700768904      054005262      000889    44081176 12     00000    157   40003069541
16538668904      054000568      000011    440811441       00000    158   40002352805
15373968904      054026957      001351    44081192/2 12   00000    159   50002215703
03865768904      054005461      000315    44081192/2 12   00000    162   40001713238
01536968904      054000688      000126    44081192/6      00000    163   40001722692
07017268904      054008666      000093    44081192/9 12   00000    164   40000961994
05580568904      054000697      000271    44081192/8 12   00000    165   40001250418
02099068904      054008190      000255    44081192/7 12   00000    166   40000597480
16650168904      054049803      001761    440811139       00000    167   60002752838
02480968904      054009821      000341    44081197/1 12   00000    170   40002288126
16504468904      054008770      000151    44081197/4 12   00000    171   40002346633
17023968904      054051607      001719    44081197/5      00000    172   60002403388
08262868904      054008073      000846    440811113/1 12  00000    173   40001532503
14444568904      054006407      000082    44081194/3      00000    174   40002108247
01470468904      054001957      000932    440811101 1     00000    175   40002275348
12356668904      054002636      000083    44081194/2 12   00000    176   40001066200
02402968904      054001081      000126    440811          00000    177   40001001162
01471868904      054000797      000795    44081193 12     00000    178   40002202575
18063068904      054000052      000015    44081193/1 12   00000    179   40003453843
01474568904      054009813      000290    44081194 12     00000    180   40002913449
12505768904      054005296      000080    44081194/1      00000    181   40001935713
09027468904      054000885      000273    440811113/2     00000    183   40000691598
01474368904      054003991      000328    44081195 2      00000    184   40001743702
01531168904      054004355      000307    440811113       00000    185   40002293467
05603268904      054008613      000173    440811109/5 12  00000    186   40000421163
01474668904      054001870      000162    440811109 1     00000    187   40001409691
01474468904      054005933      000092    44081196 12     00000    188   40000841687
12145168904      054000560      000153    440811109/8 12  00000    189   40002168356
06353568904      054009004      000433    440811109/6 12  00000    190   40000720454
05412068904      054006758      000531    440811109/4 12  00000    191   40002923187
03513168904      054008701      000171    440811109/1     00000    192   40001707161
11931268904      054009961      000978    440811109/10    00000    193   40002178926
11621068904      054005982      000066    440811109/9     00000    194   40001853553
05373168904      054001442      000307    440811109/3 12  00000    195   40001155216
03316768904      054009348      000405    440811109/2 1   00000    196   40002521310
08223768904      054007329      001197    440811100/10 1  00000    197   40001513844
02068368904      054000098      001348    440811100/1 12  00000    198   40002035322
01639468904      054007993      000564    440811119 1     00000    199   40001676894
06415168904      054007097      000150    440811102/1 12  00000    200   40001201807
05181368904      054005004      000227    440811122 12    00000    201   40001526247
01457668904      054006283      000296    440811102 12    00000    202   40001457981
06719168904      054000420      000209    440811108/2     00000    203   40003458910
05394368904      054004179      000680    440811108/1 2   00000    204   40000897593
01457568904      054009279      000257    440811108 12    00000    205   40000725603
04426968904      054000286      000236    440811100/4     00000    206   40003172028
01584968904      054004863      000218    440811104 1     00000    207   40001460489
07144668904      054033479      000244    440811104/4 12  00000    208   50001541188
17749968904      054003780      002245    440811100/14 1  00000    209   40001736702
01478668904      054001804      001007    440811100 1     00000    210   40002867146
01854768904      054035275      001971    440811100/2 1   00000    211   50003023895
07709768904      054009252      000183    440811100/7     00000    212   40001707188
09273868904      054002552      000189    440811100/12    00000    213   40003290639
02366368904      054008081      001190    440811100/3 1   00000    214   40001939842
06867568904      054004043      000759    440811100/8 12  00000    215   40001212776
05179468904      054007035      000398    440811100/6 12  00000    216   40000548891
04446168904      054009226      000112    440811100/5 12  00000    217   40000946677
17422168904      054000311      000418    440811104/6     00000    218   40002871397
11183868904      054005841      000243    440811100/11 1  00000    219   40000904421
07145968904      054008344      000624    440811100/9 12  00000    220   40002858344
13388768904      054002592      000195    440811104/3     00000    222   40002239896
04276868904      054002809      000188    440811104/2 12  00000    223   40001901695
01726068904      054001437      000328    440811104/1     00000    224   40002584776
02251568904      054002107      000486    44081199/2      00000    225   40002539301
06922768904      054004219      000226    44081199/44 12  00000    226   40001518320
04421768904      054004249      000169    44081199/9 12   00000    227   40002958924
01472468904      054006881      000359    44081199        00000    228   40000533975
17687368904      054001929      000140    44081199/31 12  00000    229   40003262107
12027468904      054004809      000090    44081199/72     00000    230   40003196692
08720168904      054000841      000096    44081199/59     00000    231   40003406660
06188568904      054005414      000225    44081199/25 12  00000    232   40002498594
04542668904      054000461      001031    44081199/10 11  00000    234   40002320847
03563868904      054000678      000464    44081199/19     00000    235   40001906821
09565868904      054007958      000456    44081199/23     00000    236   40001468145
06485068904      054003126      000438    44081199/40 12  00000    237   40003191802
06197168904      054005776      000253    44081199/29 12  00000    238   40001196911
17843068904      054012108      001388    440811112/11-1  00000    240   50001952707
11509268904      054005572      001182    440811112/13    00000    242   40003376563
11509468904      054061582      000631    440811112/15    00000    244   50001620111
11509368904      054001122      001404    440811112/14    00000    245   40001745136
15637168904      054002176      000158    440811112/3     00000    246   40002076293
08232168904      054004992      000544    440811112/8 12  00000    247   40002255475
05337768904      054002832      001186    440811112/3 12  00000    248   40003445753
15601368904      054006553      000487    440811112/18    00000    249   40002274894
15652568904      054008742      000499    440811112/19    00000    250   40002077842
02019468904      054006898      000153    440811112/1 12  00000    251   40003160971
11364568904      054007760      000233    440811109/7     00000    253   40002783194
08781568904      054000229      000260    440811112/9     00000    254   40002431162
06452868904      054005066      000512    440811112/2 12  00000    255   40002961945
06390368904      054000064      000184    440811112/5 12  00000    256   40001351357
16043168904      054009396      000188    44081199/26 12  00000    257   40002838087
06787368904      054001324      000111    440811112/7 12  00000    258   40001517808
05642068904      054003119      000083    440811112/4 12  00000    259   40002428563
01459468904      054004787      000354    440811112 12    00000    260   40002787202
16538568904      054000564      000013    440811299       00000    261   40001631522
06791768904      054007657      000270    440811112/6 12  00000    262   40003122882
06613868904      054005770      000214    440811124/1 12  00000    263   40001378401
03524968904      054003976      000750    440811121 1     00000    265   40001973846
01603268904      054006889      000400    440811117 12    00000    266   40001331882
14112068904      054000492      000254    440811117/4 12  00000    267   40002596655
08425168904      054008073      000132    440811117/3     00000    268   40001324893
06414168904      054002945      000352    440811118/2 12  00000    269   40001200130
06121768904      054004683      000166    440811118/1 12  00000    270   40000425047
06121668904      054006709      000170    440811117/2 12  00000    271   40000209754
03587868904      054001600      000205    440811117/1 1   00000    272   40001337081
01587268904      054008182      000193    440811115 12    00000    273   40002321502
05472368904      054070811      001078    440811115/1 12  00000    274   50002400551
10360268904      054086925      000109    440811111/3     00000    275   50001961491
07020768904      054001666      000307    440811115/3 12  00000    276   40000438923
06477268904      054004022      000391    440811111/1 12  00000    277   40003378423
16499168904      054007153      000574    440811111/4     00000    278   40003082353
01459368904      054005901      000262    440811111 12    00000    280   40000700650
05975368904      054007047      000260    440811115/2 12  00000    281   40001239261
14183868904      054074946      000490    440811115/7     00000    282   50001124599
13668268904      054480217      006885    44081160/340    00000    283   60002403409
16539468904      054000644      000015    440811417       00000    284   40001702106
17832968904      054002968      000815    44081151/116    00000    285   40002544328
10738468904      054008089      000282    44081151/97     00000    286   40002913539
10738368904      054001556      001265    44081151/96     00000    288   40002257129
17565268904      054027578      001835    44081151/99 12  00000    289   50001687467
14725068904      054003363      000669    44081151/98     00000    290   40003244929
16933568904      054006315      000868    44081151/112 4  00000    291   40003186704
13722368904      054002493      000398    44081151/111    00000    292   40002162204
17774868904      054001608      000221    44081151/100    00000    293   40003186104
10739768904      054004367      000202    44081151/110    00000    294   40001849151
10739668904      054001565      000105    44081151/109    00000    295   40001722804
10739068904      054004608      000206    44081151/103    00000    296   50003018349
10738968904      054005390      001035    44081151/102    00000    297   40002530358
14101168904      054004094      000600    44081151/107    00000    298   40001637130
10739568904      054001419      000355    44081151/108    00000    299   40002065063
10740468904      054075955      001507    44081151/117    00000    300   50002823203
16681468904      054066734      001682    44081151/138    00000    301   50003027963
14480468904      054005482      000417    44081151/136    00000    303   40002428204
17478568904      054004396      000779    44081151/135    00000    304   40001745391
14738668904      054000872      000387    44081151/119    00000    305   50002086439
10740568904      054006309      000105    44081151/118    00000    306   40002104261
15813168904      054007078      000301    44081151/134    00000    307   40001853381
10742068904      054001287      000258    44081151/133    00000    308   40000831314
17480368904      054000282      000000    44081151/121 1  00000    309   50002737133
10740768904      054006266      000244    44081151/120    00000    310   40000508028
13387268904      054002339      000153    44081151/132    00000    311   40002028889
13965068904      054000399      000000    44081151/131    00000    312   40002879821
10741068904      054007898      000150    44081151/123    00000    313   40000842410
17509068904      054000283      000002    44081151/122    00000    314   40002558271
10741668904      054009167      000633    44081151/129    00000    315   40002178664
10741268904      054002042      000215    44081151/125    00000    316   40002783822
17777168904      054002058      000167    44081151/124    00000    317   40002970247
10741568904      054001462      000168    44081151/128    00000    318   40000551656
10741468904      054000166      000000    44081151/127    00000    319   40001660738
10741368904      054000005      000000    44081151/126    00000    320   40002874408
17916468904      054016424      002184    44081153/2 12   00000    321   60002753219
17479368904      054003627      000200    44081153/5 11   00000    322   40003257026
02008468904      054004025      000384    44081153 11     00000    323   40002314416
06497768904      054008797      000071    44081153 11     00000    324   40000976984
12564568904      054070858      002224    44081160/149    00000    325   50002397120
09080668904      054001132      000659    44081160/131    00000    326   40003460046
13666768904      054003931      000241    44081191/9 12   00000    327   40002502126
11998868904      054003539      000290    44081114/7      00000    328   40002172108
13693468904      054009704      000490    44081160/343    00000    329   40002556276
07802468904      054004404      000274    44081160/147    00000    330   40000563146
07888868904      054009116      000287    44081114/6      00000    331   40002974589
12475468904      054002387      000601    44081114/8 12   00000    332   40002289989
09779268904      054003869      000269    44081199/8      00000    333   40002157752
09779368904      054009141      000225    44081168/3      00000    334   40000824918
12847068904      054005792      000514    44081160/169-1  00000    335   40003090117
17510768904      054000231      000019    440811010-3380  00000    336   40003228731
17510668904      054000262      000020    440811010-3379  00000    337   40003228730
16539768904      054001255      000019    440811354       00000    338   40001393635
12802668904      054003723      000205    440811          00000    339   40001256486
12846168904      054063756      002161    44081160/161    00000    340   50002447444
17350068904      054000957      000040    44081160/162    00000    342   40002814117
12846368904      054000064      000967    44081160/163    00000    343   40002523945
12846468904      054059856      000753    44081160/164-1  00000    344   50002731194
12846668904      054006654      001042    44081160/166    00000    345   40002805671
12848868904      054007030      000285    44081160/188    00000    346   40001552181
12847768904      054006830      000688    44081160/177    00000    347   40001781924
12848768904      054003425      000876    44081160/187    00000    348   40002248783
12848668904      054007727      000431    44081160/186    00000    349   40002290425
12847968904      054007043      000174    44081160/179    00000    350   40002551227
12847868904      054038800      000580    44081160/178    00000    351   50002743836
12848468904      054001746      001135    44081160/184    00000    352   40002843000
12848568904      054005852      000746    44081160/185    00000    353   40002074542
12848168904      054009406      000652    44081160/181    00000    354   40002270783
12848068904      054000683      000937    44081160/180    00000    355   40002169363
12848268904      054004573      000266    44081160/182    00000    356   40002295109
12849068904      054007761      000248    44081160/190    00000    357   40002305885
17185968904      054007549      000903    44081160/189 1  00000    359   40003254429
12847668904      054005950      000230    44081160/176    00000    360   40003249892
12847568904      054004161      000489    44081160/175    00000    361   40003186355
12849268904      054005051      000027    44081160/192    00000    363   40002576705
12847468904      054006829      001290    44081160/174    00000    365   40003205881
12847368904      054001499      000293    44081160/173    00000    366   40002305012
12849468904      054002364      000286    44081160/194    00000    367   40001737146
12851268904      054003480      000120    44081160/212    00000    370   40002414888
12850168904      054001929      000166    44081160/201    00000    371   40003378422
12851168904      054000234      000859    44081160/211    00000    372   40003388865
12851068904      054006816      000677    44081160/210    00000    373   40002574980
12850368904      054008761      000743    44081160/203    00000    374   40002311146
15723468904      054001874      001941    44081160/202    00000    375   40003388864
12850968904      054000115      000386    44081160/209    00000    376   40003196627
12850868904      054001252      000495    44081160/208    00000    377   40001925792
12850568904      054000027      001044    44081160/205    00000    378   40003192145
15876668904      054004277      000216    44081160/204    00000    379   40003259671
12850768904      054002008      000175    44081160/207    00000    380   40003388866
12850668904      054000912      000656    44081160/206    00000    381   40002230970
12851468904      054005574      000086    44081160/214    00000    382   40003207444
12851368904      054017223      000263    44081160/213    00000    383   50002825036
12850068904      054012242      000568    44081160/200    00000    384   50003017641
12849968904      054003864      000535    44081160/199    00000    385   40002415068
12849768904      054073440      000917    44081160/197    00000    386   50002733152
12851568904      054006980      000767    44081160/215    00000    387   40002289926
12849868904      054003499      000234    44081160/198    00000    388   40003104275
12851768904      054001149      000284    44081160/217    00000    390   40001567481
12849668904      054002245      000353    44081160/196    00000    391   40002414838
12849568904      054008172      000036    44081160/195    00000    392   40002414837
12854068904      054015863      000644    44081160/240    00000    393   50002391818
12853868904      054002627      000623    44081160/238    00000    394   40003166370
12852468904      054000011      000001    44081160/224    00000    395   40002815440
12852368904      054000676      000859    44081160/223    00000    396   40002563416
12854168904      054003539      000136    44071260/241    00000    397   40002420312
12852268904      054002136      000327    44081160/222    00000    398   40003406726
12852168904      054005261      000525    44081160/221    00000    399   40002882543
15781368904      054007508      000441    44081160/243    00000    400   40001665678
12854268904      054007588      000563    44081160/242    00000    401   40003213176
12852068904      054003806      000703    44081160/220    00000    402   40002192691
12851968904      054004524      000766    44081160/219    00000    403   40002414942
12853768904      054039332      000480    44081160/237    00000    404   50002743279
12853668904      054000635      000367    44081160/236    00000    405   40002420307
12852568904      054004520      000120    44081160/225    00000    406   40003193232
12853568904      054007672      001005    44081160/235 1  00000    407   40002420306
12853468904      054002564      000831    44081160/234    00000    408   40003442809
12852768904      054000456      000000    44081160/227    00000    409   40002414950
12852668904      054001714      000073    44081160/226    00000    410   40002840637
17350268904      054001276      000191    44081160/233    00000    411   50003363503
12853268904      054008785      000052    44081160/232    00000    414   40001766218
12852968904      054005138      000550    44081160/229    00000    415   40003196381
12852868904      054009291      000258    44081160/228    00000    416   40002429503
12853168904      054008963      001054    44081160/231    00000    417   40002420234
12853068904      054009781      001150    44081160/230    00000    418   40002541963
12846068904      054008131      000000    44081160/160    00000    419   40002422375
12845968904      054000420      000002    44081160/159    00000    420   40002422374
12845868904      054000511      000002    44081160/158    00000    421   40002422373
12845768904      054000100      000000    44081160/157    00000    422   40003261754
12845568904      054001896      001357    44081160/155    00000    423   40003388917
12845168904      054007505      000005    44081160/151    00000    426   40002422352
18064068904      054000977      000324    44081160/152    00000    427   50002744410
12925868904      054000277      000090    44081160/326 1  00000    428   40003453925
08972168904      054002776      000741    44081160/90     00000    429   40002067875
08972468904      054043476      000443    44081160/87     00000    430   50002045947
08972368904      054008392      000248    44081160/88     00000    431   40001447601
08972668904      054006780      000508    44081160/85     00000    432   40000632520
08972568904      054022964      000030    44081160/86     00000    433   50001786152
09157168904      054003867      000012    44081160/84     00000    434   40002869488
08829168904      054002930      000708    44081160/83     00000    435   40002529597
12339868904      054003000      000035    44081160/80     00000    436   40002256972
08767068904      054004736      000319    44081160/79     00000    437   40001562407
14119668904      054009727      000307    440811          00000    438   40002140734
07010668904      054008250      000453    44081160/4 12   00000    439   40003245342
07010568904      054001933      000390    44081160/78 12  00000    440   40001521196
07010868904      054009317      000147    44081160/30 12  00000    441   40001521198
07010468904      054008439      000583    44081160/29 12  00000    442   40002835430
08263368904      054000008      000003    44081160/5 12   00000    443   40003443141
08278268904      054001595      000215    44081160/6 12   00000    444   40002850772
07058968904      054005569      000213    44081160/31 12  00000    445   40002946086
07010168904      054006148      000184    44081160/32 12  00000    446   40001072672
08278568904      054005190      000849    44081160/8 12   00000    447   40001527930
08277968904      054007342      000200    44081160/7 12   00000    448   40001534062
12142268904      054000171      000590    44081160/34     00000    449   40003213178
07102268904      054006552      000662    44081160/33 12  00000    450   40002441278
08278068904      054003620      000622    44081160/9 12   00000    451   40002508972
08263768904      054003307      000212    44081160/35 12  00000    452   40001325171
08263468904      054009710      000227    44081160/10 12  00000    453   40003114136
07101868904      054007463      000630    44081160/36 12  00000    454   40001546755
08263568904      054004925      000371    44081160/11 12  00000    455   40003388885
07058868904      054004829      001250    44081160/12 12  00000    456   40001519863
07009968904      054007261      000228    44081160/38 12  00000    457   40001080585
17876368904      054001063      000114    44081160/37     00000    459   40003266977
07101668904      054008355      000400    44081160/14 12  00000    460   40001508865
07102168904      054000558      000038    44081160/13 12  00000    461   40002141553
07010768904      054001174      000094    44081160/40 12  00000    462   40003388886
07009868904      054001227      000222    44081160/39 12  00000    463   40001062088
08618668904      054009656      000239    44081160/42     00000    464   40001418937
08533268904      054001137      000334    44081160/19     00000    465   40000205410
08533168904      054000715      000346    44081160/15     00000    466   40002297263
07101768904      054003338      000196    44081160/41 12  00000    467   40000313135
08532868904      054002062      000211    44081160/16     00000    468   40001253899
08278168904      054001989      000556    44081160/18 12  00000    469   40002165299
08263668904      054008329      000550    44081160/17 12  00000    470   40001565483
07101968904      054000013      000001    44081160/44 12  00000    471   40003378221
07101568904      054006083      000268    44081160/43 12  00000    472   40001520098
08998968904      054003447      000385    44081160/104    00000    473   40000647509
08278368904      054003438      000610    44081160/45 12  00000    474   40001097494
08278468904      054001512      000158    44081160/47 12  00000    475   40000719237
08278668904      054007720      000028    44081160/46 12  00000    476   40001896892
07010268904      054007375      000532    44081160/20 12  00000    477   40002783135
08414268904      054001086      000173    44081160/22 12  00000    478   40001403726
07147868904      054005178      000488    44081160/23 12  00000    479   40001513029
07059068904      054000000      000399    44081160/48 12  00000    480   40000227636
07009768904      054000833      000367    44081160/49 12  00000    481   40001095362
08533068904      054007760      000885    44081160/25     00000    482   40002283006
08414468904      054007884      000668    44081160/51 12  00000    483   40003388884
07147668904      054000516      000703    44081160/24 12  00000    484   40002276241
07102068904      054009651      000250    44081160/50 12  00000    485   40000376350
08617968904      054008380      000472    44081160/27     00000    486   40002035768
08414168904      054004395      000261    44081160/53     00000    487   40002806849
08414368904      054000170      000214    44081160/52     00000    488   40001676063
08532668904      054000513      000000    44081160/26     00000    489   40001557126
08413668904      054009451      000191    44081160/55     00000    490   40001676913
08533468904      054002170      000001    44081160/54     00000    491   40002286180
08533568904      054000605      000140    44081160/28     00000    492   40003442945
08705768904      054002170      000152    44081160/75     00000    493   40002301612
08618168904      054001362      000297    44081160/76     00000    494   40001389654
08414068904      054005499      000041    44081160/56     00000    495   40001897190
08533668904      054003247      000244    44081160/57     00000    496   40001151723
08776168904      054006562      000490    44081160/58     00000    497   40001510136
08705968904      054000278      000142    44081160/73     00000    498   40001483247
08532768904      054000620      000110    44081160/74     00000    499   40003305498
08533868904      054004995      000292    44081160/59     00000    500   40001083929
08705868904      054007646      000284    44081160/77     00000    501   40001999742
08413968904      054005410      000189    44081160/61     00000    502   40000511354
08533368904      054006681      000517    44081160/72     00000    503   40001075202
08533768904      054002959      000256    44081160/60     00000    504   40001086842
08776268904      054009627      000204    44081160/62     00000    505   40002783502
08618268904      054006944      000118    44081160/71     00000    506   40001418935
08413768904      054006798      000436    44081160/70     00000    507   40003195385
08413868904      054003768      000267    44081160/63     00000    508   40000654657
08618568904      054005111      000068    44081160/65     00000    509   40001398207
08618068904      054004018      000397    44081160/64     00000    510   40001916191
08980468904      054008022      001217    44081160/69     00000    511   40001683893
08532968904      054009895      000222    44081160/68     00000    512   40001176845
08618368904      054006007      000101    44081160/67     00000    513   40001473948
08618468904      054002792      000546    44081160/66     00000    514   40003403859
07820068904      054000895      001034    44081114        00000    515   40001286077
09476168904      054002825      000295    44081160/81     00000    516   40001458040
09315968904      054004886      001067    44081160/82     00000    517   40002879596
09476068904      054009229      000439    44081160/98     00000    518   40001945224
09241668904      054005384      001077    44081160/99     00000    519   40003090500
09296968904      054009956      000282    44081160/97     00000    520   40000251779
09466068904      054007955      000718    44081160/100    00000    521   40001779598
09296868904      054007656      000743    44081160/96     00000    522   40001591742
09107368904      054007187      000462    44081160/101    00000    523   40001459748
09042968904      054009262      000738    44081160/95     00000    524   40002042453
09241768904      054004393      000778    44081160/102    00000    525   40001614712
09296768904      054008491      000317    44081160/93     00000    526   40001615616
09042868904      054008096      000627    44081160/94     00000    527   40001547244
09391868904      054005085      001030    44081160/103    00000    528   40003417531
09392068904      054001503      000030    44081160/131    00000    529   40002913069
09391968904      054000835      000319    44081160/105    00000    530   40001596290
09107468904      054013478      000271    44081160/92     00000    531   50001786429
09626468904      054006470      000891    44081160/132    00000    532   40002170281
09564968904      054007646      000447    44081160/138    00000    533   40002043022
09475968904      054000734      000105    44081160/106    00000    534   40002105063
09391768904      054009787      000273    44081160/91     00000    535   40001598951
09626668904      054007203      000419    44081160/134    00000    536   40000746448
09626568904      054001108      000290    44081160/133    00000    537   40000631168
09565168904      054005473      000295    44081160/140    00000    538   40003069944
09565068904      054008884      000456    44081160/139    00000    539   40003174747
09626868904      054009053      001573    44081160/136    00000    540   40001608954
09626768904      054001158      000623    44081160/135    00000    541   40003074414
09565368904      054000104      000559    44081160/142    00000    542   40001036238
09565268904      054008120      000195    44081160/141    00000    543   40001882439
09627068904      054006994      000376    44081160/144    00000    544   40001288533
09626968904      054003607      000208    44081160/137    00000    545   40001604957
09565468904      054007977      000421    44081160/143    00000    546   40001156704
11962868904      054004973      000406    44081114/4 12   00000    547   40002313981
08960668904      054003032      000516    44081160/109    00000    548   40001554696
08829468904      054005129      000599    44081160/110    00000    549   40003052808
08829268904      054001281      000469    44081160/128    00000    550   40002540771
08819568904      054017545      000534    44081160/127    00000    551   50002478834
09475868904      054003079      000930    44081160/108    00000    552   40001434961
09107268904      054004911      000546    44081160/130    00000    553   40000574494
08829068904      054009618      000681    44081160/107    00000    554   40002906024
08829368904      054008691      000704    44081160/129    00000    555   40002445923
17626168904      054001574      000102    440811          00000    556   40003224679
16702068904      054000175      000013    440811138       00000    557   40002591956
17739068904      054001577      000082    440811138/22    00000    558   40003293970
17605068904      054000010      000001    440811138/23 1  00000    559   40002236800
17267168904      054006003      000793    440811138/24 1  00000    560   40003058359
16702168904      054006379      000370    440811138/1     00000    561   40001664937
17354368904      054006404      000366    440811138/26 1  00000    562   40002431527
17267268904      054008905      000387    440811138/25 1  00000    563   40002503934
16702468904      054000005      000000    440811138/4     00000    564   40002503838
16702368904      054003722      000192    440811138/3     00000    565   40002578277
17267468904      054008893      000413    440811138/27 1  00000    566   50003019138
16702668904      054003899      000457    440811138/6     00000    567   40003158788
16702568904      054004429      000319    440811138/5     00000    568   40002540920
17411268904      054000750      000059    440811138/30 1  00000    569   40003192643
17267368904      054003280      000171    440811138/29 1  00000    570   40002262914
16701968904      054018995      000550    440811138/8 4   00000    571   50003031901
16702768904      054009055      000311    440811138/7     00000    572   40002497661
18033568904      054001140      000567    440811138/32    00000    573   40002579049
17838768904      054003429      000356    440811138/31 1  00000    574   40002433604
16702968904      054002487      000539    440811138/10    00000    575   40003085802
16702868904      054005573      000265    440811138/9     00000    576   40001930058
18033768904      054000392      000125    440811138/34    00000    577   40001896924
18033668904      054002381      000730    440811138/33    00000    578   40002425163
16703168904      054008947      000405    440811138/12    00000    579   40003062734
16703068904      054000573      000272    440811138/11    00000    580   40003165445
18033868904      054000005      000000    440811138/36    00000    581   40001891316
17915868904      054001956      000234    440811138/35    00000    582   40003406766
16703368904      054004149      000292    440811138/14    00000    583   40002579708
16703268904      054005996      000277    440811138/13    00000    584   40003244930
18033968904      054000430      000141    440811138/38    00000    585   40001933692
17979468904      054000006      000001    440811138/37 1  00000    586   40003091283
16703568904      054006089      000299    440811138/16    00000    587   40001739451
17354268904      054007672      000254    440811138/15 1  00000    588   40001946614
16703668904      054004214      000261    440811138/17    00000    589   40003085961
17979568904      054002988      000504    440811138/42 1  00000    590   40003281202
17945368904      054000668      000202    440811138/41    00000    591   40003407088
16703868904      054004957      000350    440811138/19    00000    592   40001529395
16703768904      054006141      000243    440811138/18    00000    593   40003210655
17945468904      054001732      000279    440811138/43    00000    594   40003407086
16704068904      054002258      000425    440811138/21    00000    595   40003193597
16703968904      054008999      000323    440811138/20    00000    596   40002816437
17945268904      054000639      000211    440811138/40    00000    597   40003407087
17945168904      054000010      000002    440811138/39    00000    598   40003407085
09241868904      054007581      000674    44081160/125    00000    599   40003388867
08819368904      054001933      000176    44081160/126    00000    600   40003073476
08819668904      054008853      001029    44081160/111    00000    601   40002444289
08776368904      054007548      000284    44081160/112    00000    602   40002162593
09157368904      054009011      000854    44081160/124    00000    603   40001593000
09157268904      054006820      000358    44081160/123    00000    604   40001592638
08776568904      054005972      000421    44081160/114    00000    605   40001927886
08776468904      054003810      000357    44081160/113    00000    606   40003067590
09297368904      054008821      000618    44081160/122    00000    607   40002066752
09297268904      054006666      001114    44081160/121    00000    608   40003058916
08819468904      054003300      000111    44081160/116    00000    609   40002975211
08776668904      054005531      000334    44081160/115    00000    610   40001645496
09297168904      054000349      000502    44081160/120    00000    611   40003187870
09297068904      054002795      000558    44081160/119    00000    612   40001591772
08819268904      054027782      000699    44081160/118    00000    613   50002478799
08819768904      054000723      000078    44081160/117    00000    614   40001508900
12794868904      054001144      000379    44081160/333    00000    615   40001888165
12794968904      054003731      000709    44081160/334    00000    616   40002445473
12924568904      054000867      000330    44081160/336 1  00000    617   40002445471
12924468904      054005226      000388    44081160/335 1  00000    618   40003289387
12924768904      054009672      000876    44081160/338 1  00000    619   40003196628
12924668904      054004447      000105    44081160/337 1  00000    620   40002445470
13637968904      054001400      000523    44081160/342 1  00000    621   40002596710
12924868904      054003478      000214    44081160/339 1  00000    622   40002079396
13378568904      054002210      000068    44081114        00000    623   40002462975
13273168904      054009815      000342    440811          00000    624   40002348455
12925068904      054004870      000223    44081160/318 1  00000    625   40002270955
17232768904      054005972      000740    44081160/317 1  00000    626   40003168005
12925768904      054000689      000015    44081160/325 1  00000    627   40003056645
12925268904      054000567      000374    44081160/320 1  00000    628   40002248781
12925168904      054005626      000614    44081160/319 1  00000    629   40002182794
12926068904      054048980      000612    44081160/328 1  00000    630   50002049503
12925968904      054006263      000206    44081160/327 1  00000    631   40002445465
12925468904      054000922      000419    44081160/322 1  00000    632   40001525217
12925368904      054002177      000197    44081160/321 1  00000    633   40003388893
12926268904      054002112      000197    44081160/330 1  00000    634   40002445462
12926168904      054007607      000095    44081160/329 1  00000    635   40002445463
12925668904      054004605      000111    44081160/324 1  00000    636   40002815454
12925568904      054002610      000540    44081160/323 1  00000    637   40001520209
15742868904      054004897      000478    44081160/332    00000    638   40003388894
12926368904      054003562      000265    44081160/331 1  00000    639   40002445461
15374668904      054008696      000363    44081160/251    00000    640   40003162505
15374868904      054008325      000304    44081160/253    00000    641   40000879137
15374768904      054005281      000881    44081160/252    00000    642   40000883913
15375568904      054005375      000082    44081160/255    00000    643   40002738172
15375468904      054041708      000795    44081160/254    00000    644   50001574686
15375068904      054000024      000001    44081160/257    00000    645   40003388930
15374968904      054008569      000673    44081160/256    00000    646   40003388887
15375768904      054005057      000203    44081160/259    00000    647   50003022658
15375668904      054005846      000250    44081160/258    00000    648   50002821733
15375268904      054008678      000384    44081160/261    00000    649   40003159580
15375168904      054005913      001356    44081160/260    00000    650   40002430651
15375368904      054003682      000497    44081160/262    00000    651   40003073743
17714168904      054003247      000357    44081160/263    00000    652   40003256822
13528468904      054004986      000610    44081160/316    00000    653   40003069472
14730168904      054001947      000623    44081160/265 1  00000    654   40002841652
14730068904      054000699      000103    44081160/264 1  00000    655   40002317075
13528368904      054003108      000491    44081160/315    00000    656   40002497362
16937768904      054005805      000401    44081160/314    00000    657   40003388929
14730368904      054000091      000008    44081160/267 1  00000    658   40003076303
14730268904      054005025      000450    44081160/266 1  00000    659   40003388928
13528168904      054001656      000748    44081160/313    00000    660   40002497360
13528768904      054000009      000000    44081160/312    00000    661   50002819612
14728468904      054000008      000000    44081160/268 1  00000    662   50003014475
14730468904      054008443      000424    44081160/269 1  00000    663   40003205246
13527968904      054004101      000478    44081160/310    00000    664   40002497358
17828668904      054001408      000119    44081160/271 1  00000    666   40002076608
17527068904      054008817      000241    44081160/309    00000    667   40001442244
13527768904      054009947      000656    44081160/308    00000    668   40002236376
14730868904      054000005      000000    44081160/273 1  00000    669   40003388931
14730768904      054005334      000439    44081160/272 1  00000    670   40001597332
13528668904      054007721      000640    44081160/306    00000    671   50002213798
14731068904      054008228      000479    44081160/275 1  00000    672   50002739572
14730968904      054003099      000226    44081160/274 1  00000    673   40003060868
13527568904      054007108      000206    44081160/305    00000    674   40002497315
13528568904      054003054      000193    44081160/304    00000    675   50002486239
14728768904      054001027      000790    44081160/277    00000    676   40002795875
13929268904      054001392      000592    44081160/302 1  00000    680   40002268682
14728968904      054000630      000069    44081160/279    00000    681   40002839447
14728868904      054003644      000611    44081160/278    00000    682   40002795876
13929168904      054002112      000141    44081160/301 1  00000    683   40002573983
13929068904      054000006      000000    44081160/300    00000    684   40002860668
14729168904      054007470      000716    44081160/281    00000    685   40002795879
14729068904      054003686      000131    44081160/280    00000    686   40003259668
13928968904      054004215      000220    44081160/299    00000    687   40002303280
14729368904      054007351      000633    44081160/283    00000    689   40002795881
14729268904      054001698      000277    44081160/282    00000    690   40001433235
13928768904      054000299      001057    44081160/297 1  00000    691   40003182287
13928668904      054004795      000098    44081160/296    00000    692   40002084136
14729568904      054000243      000170    44081160/285    00000    693   40001736481
14729468904      054004744      000179    44081160/284    00000    694   40002795882
13928568904      054000675      000081    44081160/295 1  00000    695   40002573977
13928468904      054005762      000219    44081160/294 1  00000    696   40002573976
14729768904      054000018      000536    44081160/287    00000    697   40003213177
14729668904      054008168      000447    44081160/286    00000    698   40002443976
13928368904      054008189      000546    44081160/293 1  00000    699   40002436251
13928268904      054006420      000044    44081160/292 1  00000    700   40002573974
14728568904      054000469      000153    44081160/288 1  00000    701   50003359431
14729868904      054007506      000490    44081160/289    00000    702   40003388892
13928068904      054004194      000346    44081160/290 1  00000    703   40003388895
13928168904      054003307      000303    44081160/291 1  00000    704   40002573973
16102168904      054004843      000022    44081114/10     00000    707   40003083125
16102368904      054002576      000131    44081114/12     00000    708   40001899648
16102268904      054007071      000709    44081114/11     00000    709   40003051887
16101868904      054008473      000214    44081114/13     00000    710   40003023685
16102468904      054001091      000130    44081114/14     00000    711   40001899229
16101968904      054075500      001822    44081114/15-16  00000    712   50003039371
16102068904      054022708      000690    44081114/17     00000    713   50003032175
16102568904      054007695      000445    44081114/18     00000    714   40003162083
16101668904      054001321      000321    44081114/19     00000    715   40002805741
16101768904      054006508      000501    44081114/21     00000    716   40002840895
16101368904      054006329      000169    44081114/20     00000    717   50003030220
16101568904      054015765      000279    44081114/23     00000    718   50003030265
16101468904      054000244      000000    44081114/22     00000    719   50003030264
15132768904      054000129      000000    44081114/25 12  00000    720   40002174875
14778068904      054000005      000000    44081114/24 12  00000    721   40002175817
14517068904      054002206      001776    44081114/26 12  00000    722   40003057280
91016168904      054001713      000275    4408114         00000    723   40002531798
16543368904      054000006      000000    4408112-3       00000    724   40002363669
12890868904      054072752      005395    44081123/15 12  00000    726   50002397054
16538868904      054000965      000013    440811289       00000    727   40002936450
08333668904      054032741      004910    44081123 12     00000    728   50003363185
12347468904      054004122      001078    44081123/14     00000    729   40002177168
17510868904      054000175      000019    440811010-3488  00000    730   40003228732
16540368904      054000306      000006    440811451       00000    731   40002770627
16703468904      054000053      000024    440811138/28    00000    999   40003459497
18147968904      054000005      000000    44071351/113    00000    999   40003320997
18149968904      054000005      000000    44080360/153-1  00000    999   50002739543
18163668904      054000005      000000    44073160/298    00000    999   40003470176
91037268904      054000165      000080    440811-12532    00000    999   40003460083
91047668904      054000005      000000    440816-153739   00000    999   40003470989
