030203990000000000000000000000000000000000000000000000000000000000000000000000000000
13363168852      052000342      002263    44071135/1      00000    002   40002472743
12803068852      052002454      000255    44081049/146    00000    003   40002414174
17750368852      052000615      000826    440810161 12    00000    004   40002317431
91019168852      052008020      003153    440810161 12    00000    005   50002746625
17943068852      052004906      000627    44081051/52 12  00000    006   40002546617
11157368852      052004335      000343    44081051/52 12  00000    007   40001912377
13691568852      052040048      000587    44081051/172    00000    008   50002333888
07255168852      052047925      000739    44081051/43 12  00000    009   50002333049
17549368852      052002025      000000    440810          00000    010   40001980968
05974868852      052028620      002481    44081099/9 1    00000    011   50002732556
04713768852      052009046      000589    44081099/107 1  00000    012   40001605102
12652068852      052057799      002462    44081099/31 1   00000    013   50002214693
17543368852      052008424      001153    44081099/110    00000    017   40003090846
05905168852      052011734      001497    44081029 1      00000    018   50002475570
90944768852      052000038      000125    440810          00000    019   40002873202
90989768852      052005593      000992    440810          00000    020   40003442895
91007768852      052000000      000173    44081017/130    00000    021   40002176416
12469968852      052000124      000002    4408104-2970    00000    022   40002960148
17757768852      052024246      002502    44081049/150    00000    023   50003046786
16629868852      052003821      000958    44081049/148 1  00000    024   40003082293
13955168852      052006371      000418    44081049/84     00000    025   40003082267
07732268852      052001773      000666    44081049/59     00000    026   40003193374
07732168852      052009242      001313    44081049/58 12  00000    027   40001730644
07930968852      052003066      000609    44081049/86     00000    028   40002849897
07930868852      052007534      000212    44081049/85     00000    029   40001745109
07732468852      052003857      000505    44081049/61     00000    030   40003407097
15381468852      052008919      000406    44081049/60     00000    031   40002833329
07931168852      052007865      000125    44081049/88     00000    032   40003257645
07931068852      052008688      000648    44081049/87     00000    033   40001730682
07732668852      052006686      000564    44081049/63     00000    034   40001759488
17491768852      052042272      003261    44081049/62     00000    035   50003033313
07931368852      052007102      000662    44081049/90     00000    036   40001735137
07931268852      052009638      000556    44081049/89     00000    037   40001742204
07732868852      052008538      000572    44081049/65     00000    038   40003242090
07958968852      052008902      000810    44081049/92     00000    040   40002210387
07733068852      052004321      000950    44081049/67     00000    041   40002838656
12093668852      052001612      000216    44081049/66     00000    042   40002440679
07959168852      052006184      000194    44081049/94     00000    043   40003069568
15791468852      052009573      000313    44081049/93     00000    044   40001906960
07959368852      052001534      000189    44081049/96     00000    045   40003379320
07959268852      052009329      000714    44081049/95     00000    046   40001925780
07733468852      052006462      000178    44081049/71     00000    047   40001766220
07733368852      052005801      000415    44081049/70     00000    048   40001886723
07959568852      052006620      000553    44081049/98     00000    049   40001773501
07959468852      052001928      000023    44081049/97     00000    050   40001774438
07733668852      052005209      000218    44081049/73     00000    051   40001758043
07733568852      052004032      000537    44081049/72     00000    052   40001758418
07959768852      052007088      000113    44081049/100    00000    053   40001773502
07959668852      052002506      000176    44081049/99     00000    054   40001564097
07733868852      052007918      000218    44081049/75     00000    055   40001751014
07733768852      052000206      000141    44081049/74     00000    056   40001886782
10413568852      052001403      000253    44081049/141    00000    057   40001758734
10359068852      052006902      000442    44081049/77     00000    058   40001894934
07935068852      052007555      000336    44081049/76 12  00000    059   40001773384
17204168852      052002686      000768    44081049/4      00000    060   40003117599
08896568852      052004863      000337    44081049/1      00000    062   40001240334
08806268852      052004588      000333    44081049/3      00000    063   40001491559
17687668852      052003697      000889    44081049 12     00000    065   40003293228
06444968852      052003556      000496    44081049/5 12   00000    067   40003289696
06233168852      052005410      000906    44081049/4 12   00000    068   40001516547
13307968852      052007396      000331    44081049/2      00000    070   40003124383
08917268852      052001946      000396    44081049/9      00000    071   40003417443
13268468852      052001915      000288    44081049/147    00000    072   40003380846
07727668852      052002366      000483    44081049/19     00000    076   40003212348
13660268852      052001274      000378    44081049/21     00000    077   40003055379
11706968852      052000463      000067    44081049/20     00000    078   40003305472
07727968852      052000799      000012    44081049/22 12  00000    079   40002356884
07728168852      052023340      000729    44081049/24 12  00000    081   50001441966
07858868852      052001608      000042    44081049/40 12  00000    082   40002111543
07857568852      052004449      000220    44081049/27 12  00000    083   40001820275
07857468852      052002538      000172    44081049/26 12  00000    084   40002763309
07858768852      052003449      000039    44081049/39 12  00000    085   40000964626
07858668852      052005170      000307    44081049/38 12  00000    086   40000983777
07857768852      052002662      000113    44081049/29 12  00000    087   40001863464
07857668852      052009234      000106    44081049/28 12  00000    088   40000837552
07858568852      052002598      000313    44081049/37 12  00000    089   40002362164
07858468852      052002611      000479    44081049/36 12  00000    090   40000269969
07857968852      052000028      000418    44081049/31 12  00000    091   40001364800
07857868852      052003069      000107    44081049/30 12  00000    092   40001817718
07858368852      052000314      000090    44081049/35 12  00000    093   40002952425
07858268852      052002842      000475    44081049/34 12  00000    094   40000875564
07858168852      052006061      000140    44081049/33 12  00000    095   40003197035
07858068852      052002727      000097    44081049/32 12  00000    096   40001556167
10051668852      052003684      000239    44081049/121 1  00000    097   40000819153
10049768852      052003811      000818    44081049/102 1  00000    098   40001368089
10051868852      052002281      000516    44081049/123 1  00000    099   40002977368
10051768852      052000755      000147    44081049/122 1  00000    103   40003305535
10049968852      052005339      000186    44081049/104 1  00000    107   40002106761
10049868852      052000448      000015    44071149/103 1  00000    108   40002922786
10052068852      052002129      001376    44081049/125 1  00000    109   40002501300
10051968852      052005293      000369    44081049/124 1  00000    110   40002909768
16565268852      052003373      001183    44081049/106    00000    111   40003071863
10050068852      052001142      000018    44081049/105 1  00000    112   40000492817
10052268852      052002277      000174    44081049/127 1  00000    113   40003225729
10052168852      052006599      000131    44081049/126 1  00000    114   40001430339
17680568852      052001336      000101    44081049/108    00000    115   40001810258
10050268852      052000699      000998    44081049/107 1  00000    116   40002347930
10052468852      052005142      000198    44081049/129 1  00000    117   40000965989
10052368852      052000411      000124    44081049/128 1  00000    118   40003443572
10050568852      052005163      000120    44081049/110 1  00000    119   40000222163
10050468852      052002265      000107    44081049/109 1  00000    120   40000320116
10464068852      052001192      000458    44081049/131    00000    121   40002533046
10050768852      052001480      000117    44081049/112 1  00000    123   40001658278
16613368852      052000005      000000    44081049/111 1  00000    124   40002307786
10464268852      052004184      000241    44081049/133 1  00000    126   40002533096
10464168852      052000674      001141    44081049/132    00000    127   40001739578
13325668852      052003920      000154    44081049/114 1  00000    128   40002884515
10050868852      052007605      000233    44081049/113 1  00000    129   40001659053
10464468852      052002417      000237    44081049/135    00000    130   40002761568
10464368852      052003398      000128    44081049/134    00000    131   40002918652
15862968852      052001601      000202    44081049/115    00000    132   40001630673
10464668852      052003848      000142    44081049/137 1  00000    133   40000589826
10464568852      052007226      000492    44081049/136    00000    134   40002957894
10051368852      052009115      000471    44081049/118 1  00000    135   40000965682
10051268852      052008345      000236    44081049/117 1  00000    136   40000227679
15527468852      052008968      000307    44081049/139    00000    137   40001507962
10464768852      052001352      000157    44081049/138 1  00000    138   40001396932
12286668852      052004410      000174    44081049/144    00000    140   40001870700
10464968852      052000824      000001    44081049/140    00000    141   40001802571
17343368852      052003907      000169    44081049/145    00000    142   40003249896
12286568852      052002980      000127    44081049/143    00000    143   40002030546
17163168852      052006818      000615    44081055/1 12   00000    144   40002032557
08691768852      052004240      000385    44081035/5      00000    146   40001984372
17961768852      052001817      000898    44081035/206    00000    147   60002222435
01321368852      052002007      000604    44081035 12     00000    148   40001204885
12808868852      052028522      000283    44081035/201 1  00000    149   50002322925
08244968852      052048507      000607    44081035/3 12   00000    150   50000886820
17340968852      052014174      000578    44081035/202 1  00000    151   50002452309
11638568852      052021999      001788    44081035/193 1  00000    152   50003019469
07416868852      052005547      000188    44081035/194    00000    160   40001939137
17870568852      052000681      000006    44081035/195    00000    161   40002265023
07417168852      052009543      000589    44081035/197    00000    165   40001696096
07417068852      052008387      000538    44081035/196    00000    166   40002280457
07416768852      052000319      000013    44081035/198-2  00000    167   50001955151
09442768852      052002630      000940    440810          00000    168   40002873984
09096068852      052008999      000491    44081035/62     00000    169   50001685980
09047268852      052007533      000426    44081035/63     00000    170   40001744853
09045168852      052001292      000904    44081035/6      00000    171   40001666183
09045368852      052000471      000568    44081035/10     00000    172   40002838037
09045268852      052004574      000128    44081035/7      00000    173   40000389493
09045468852      052008524      000254    44081035/11     00000    175   40000885680
09065168852      052003458      000002    44081035/37     00000    176   40002275230
17419968852      052003805      000080    44081035/29     00000    177   40002853528
09108068852      052005423      000279    44081035/30     00000    178   40002466279
09065068852      052005931      000446    44081035/31     00000    179   40000782731
09046268852      052006402      000227    44081035/38     00000    180   40000300403
09046368852      052001285      000371    44081035/39     00000    181   40001452206
09046568852      052001960      000027    44081035/41     00000    182   40000216893
09046468852      052040938      001341    44081035/40     00000    183   50003025873
09045968852      052003649      000536    44081035/33     00000    184   40000422218
09041668852      052006763      000273    44081035/32     00000    185   40001114498
09046768852      052009253      000609    44081035/43     00000    186   40002176740
09046668852      052003688      001089    44081035/42     00000    187   40002148023
09041368852      052000883      000586    44081035/35     00000    188   40003445665
09046868852      052002415      000114    44081035/44     00000    189   40000548824
09046168852      052003057      000245    44081035/36     00000    190   40033885110
09120468852      052007931      000269    44081035/60     00000    191   40002600598
09119268852      052007128      000191    44081035/59 12  00000    192   40002528042
09119168852      052007216      000223    44081035/58     00000    193   40003213253
09119068852      052006028      000281    44081035/57     00000    194   40001471117
09242468852      052002803      000497    44081035/56     00000    195   40001594183
09118968852      052001540      000793    44081035/55     00000    196   40001594184
09120368852      052009196      000647    44081035/54     00000    197   40002035380
09120268852      052009946      001178    44081035/53     00000    198   40000999036
09120168852      052064282      001192    44081035/22     00000    200   50002488603
09118668852      052002281      000967    44081035/24     00000    203   40003161567
09118568852      052008588      000572    44081035/23     00000    204   40001454498
09118168852      052003493      000173    44081035/17     00000    206   40003135907
09119868852      052001781      001119    44081035/18     00000    207   40003073744
09120068852      052007056      000362    44081035/26     00000    208   40003256420
09119968852      052002755      000504    44081035/25     00000    209   40001919891
09118268852      052006664      000473    44081035/19     00000    210   40002836676
09118768852      052018794      000598    44081035/27     00000    211   50002739091
09118368852      052008565      000756    44081035/20     00000    212   40002171425
09118468852      052006231      000287    44081035/21     00000    213   40001472115
09118868852      052006754      000360    44081035/28     00000    214   40001608414
09095968852      052046187      000833    44081035/45     00000    217   50002740347
09108168852      052000005      000000    44081035/64     00000    218   40003458822
08999468852      052004611      000266    44081035/8      00000    219   40002288901
09047068852      052001542      000472    44081035/47     00000    221   40002304982
09046968852      052000523      000389    44081035/46     00000    222   40000597772
09066668852      052008837      000402    44081035/66     00000    223   40001213213
07936968852      052000104      000625    44081035/67     00000    224   40001883418
09041468852      052003142      000285    44081035/49     00000    225   40003080597
09041868852      052000158      000178    44081035/48     00000    226   40003470754
09065368852      052004582      000623    44081035/69     00000    227   40002533231
09047468852      052018024      000960    44081035/68     00000    228   50002825041
09047168852      052001111      000137    44081035/50     00000    229   40003234596
09041568852      052000734      000001    44081035/51     00000    230   40002913553
09041768852      052003771      000378    44081035/52     00000    231   40002957655
09066768852      052063623      000505    44081035/70     00000    232   50002398047
09119368852      052008621      000110    44081035/61     00000    233   40002163053
09066368852      052007874      000171    44081035/81     00000    234   40001616104
09047568852      052006651      000097    44081035/80     00000    235   40001606074
09066568852      052004487      000364    44081035/79     00000    236   40002415010
09065968852      052001353      000395    44081035/78     00000    237   40002988100
09065868852      052000160      000174    44081035/77     00000    238   40001529214
09066468852      052004149      000932    44081035/76     00000    239   40001616106
09065768852      052004247      000378    44081035/75     00000    240   40001733305
16675668852      052007523      000549    44081035/85     00000    241   40003166450
09108268852      052004107      000407    44081035/84     00000    242   40003173610
09065668852      052004531      000404    44081035/74     00000    243   40003256517
09065568852      052002544      000309    44081035/73     00000    244   40002249256
09065468852      052002215      000449    44081035/72     00000    245   40003378035
09047768852      052000366      000200    44081035/83     00000    246   40003460048
09047668852      052000437      000494    44081035/82     00000    247   40001986107
15657368852      052000286      000005    4408102-0       00000    248   40002088316
09829168852      052006733      000109    44081035/181    00000    250   40000647321
09199368852      052005486      000362    44081035/175    00000    251   40002295975
09199168852      052006181      000157    44081035/174    00000    252   40001593115
09829268852      052001389      000000    44081035/184    00000    253   40000679894
09829668852      052001116      000375    44081035/183    00000    254   40000648702
09199268852      052002023      000724    44081035/177    00000    255   40001592032
09199468852      052004004      000426    44081035/176    00000    256   40001502735
09829568852      052009842      000514    44081035/186    00000    257   40002594320
09829368852      052008283      000483    44081035/185    00000    258   40001193963
09199568852      052005925      000554    44081035/178    00000    259   40003404505
09120768852      052009875      000092    44081035/179    00000    260   40001560795
15598468852      052077279      001596    44081035/187 1  00000    261   50002487944
09119768852      052002968      000532    44081035/180    00000    263   40002444004
09096368852      052003013      000760    44081035/91     00000    264   40002067669
09096468852      052002910      000446    44081035/93     00000    265   40002781995
09109568852      052001850      000635    44081035/92     00000    266   40002202594
09066268852      052006863      000402    44081035/88     00000    267   40003202518
09066168852      052000638      000105    44081035/87     00000    268   40003417386
09096168852      052001525      000172    44081035/89     00000    269   40000360152
09096668852      052004852      000309    44081035/95     00000    270   40002855715
09096568852      052000508      000486    44081035/94     00000    271   40000995244
09096268852      052000498      000231    44081035/90     00000    272   40001806985
17479968852      052008150      000631    44081035/161    00000    273   40003257527
09865868852      052004397      000564    44081035/160-1  00000    274   40001669886
09674968852      052000666      000089    44081035/168    00000    275   40000351549
09601868852      052004958      000456    44081035/167    00000    276   40001602229
09865368852      052003146      000307    44081035/163 1  00000    277   40001871835
15056968852      052001186      000759    44081035/162 1  00000    279   40001456814
09675068852      052000758      000354    44081035/169    00000    280   40001343286
09675268852      052006890      000292    44081035/170    00000    281   40002566297
09865468852      052000766      000209    44081035/165 1  00000    282   40001027277
09865568852      052008873      000066    44081035/164 1  00000    283   40001038851
09675368852      052007359      000682    44081035/172    00000    284   40002190720
09675168852      052002576      000499    44081035/171    00000    285   40002980200
09675468852      052005137      000101    44081035/173    00000    286   40001924836
10731468852      052009962      000000    44081035/166    00000    287   40001592877
09864668852      052006794      000301    44081035/154 1  00000    288   40001042710
09864768852      052000499      000029    44081035/153 1  00000    289   40002598862
09864968852      052005577      000322    44081035/155 1  00000    290   40001683316
09865168852      052005960      000450    44081035/158 1  00000    291   40000255229
09865268852      052000678      000400    44081035/157 1  00000    292   40003461793
09865068852      052001438      000000    44081035/159 1  00000    293   40000256287
09109168852      052008772      000738    44081035/152    00000    294   40002035787
09109068852      052024477      000852    44081035/151    00000    295   50002819611
09108968852      052009750      000960    44081035/150    00000    296   40002303665
09096768852      052029055      000281    44081035/97     00000    297   50000753338
09120668852      052003922      000631    44081035/149    00000    298   40001550974
09048168852      052006643      000756    44081035/148    00000    299   40000360085
09108368852      052009377      000695    44081035/96     00000    300   40002867491
09096868852      052000000      000318    44081035/98     00000    301   50000641362
09096968852      052005715      000442    44081035/99     00000    302   40001577064
09109668852      052005038      000664    44081035/147    00000    303   40002849683
09108868852      052009863      000831    44081035/146    00000    304   40002869516
09119468852      052001627      000246    44081035/100    00000    305   40001463578
09097068852      052002201      000117    44081035/101    00000    306   40001458342
09048068852      052004679      000603    44081035/145    00000    307   40002815464
09108768852      052002912      000754    44081035/144    00000    308   40002203188
09109468852      052005764      000632    44081035/143    00000    309   40000270548
09097268852      052007966      000295    44081035/103    00000    311   40000359712
09047968852      052008022      000169    44081035/141    00000    313   40001909781
09109268852      052000945      000038    44081035/140    00000    314   40001615551
09097468852      052004926      000511    44081035/105    00000    315   40001928728
09097368852      052074845      001197    44081035/104    00000    316   50002477233
09097668852      052005933      000916    44081035/107    00000    317   40001673129
09097568852      052005426      000850    44081035/106    00000    318   40001665132
09108668852      052000590      000622    44081035/138    00000    319   40002547074
09047868852      052005856      000417    44081035/139    00000    320   40003050565
09097868852      052001216      000883    44081035/109    00000    321   40001576435
09097768852      052009081      000378    44081035/108    00000    322   40002042219
09108568852      052002999      000308    44081035/137    00000    323   40002351572
09108468852      052004581      000540    44081035/136    00000    324   40003081436
09244068852      052005009      000321    44081035/134    00000    325   40001840285
09119668852      052079577      000898    44081035/135    00000    326   50002736312
09097968852      052001231      000824    44081035/110    00000    327   40001101858
09242668852      052000774      000748    44081035/112    00000    328   40001766169
09242568852      052005425      000226    44081035/111    00000    329   40002944717
09243968852      052002892      000583    44081035/133    00000    330   40000892649
09242868852      052000665      000674    44081035/114    00000    332   40001598778
09243768852      052005370      000391    44081035/131    00000    333   40002530665
09243668852      052004339      000346    44081035/130    00000    334   40001684313
09351568852      052003763      001405    44081035/127-1  00000    335   40002294346
09243068852      052008434      000465    44081035/116    00000    336   40003248952
09242968852      052006943      000326    44081035/115    00000    337   40003066426
09243568852      052001994      001033    44081035/129    00000    338   40003072666
09119568852      052002418      000414    44081035/118    00000    339   40002852198
09351168852      052006881      000548    44081035/117    00000    340   40001596048
17960368852      052001652      000379    44081035/125 1  00000    341   40003381372
09351268852      052002328      001150    44081035/119    00000    343   40001598333
09243368852      052007210      000390    44081035/124    00000    344   40003158004
09351368852      052002450      000534    44081035/120    00000    345   40001605488
09243168852      052002327      000318    44081035/122    00000    346   40002842843
91034568852      052002106      001050    44081010282     00000    353   40003461691
18060268852      052000000      000000    44080335/205 1  00000    999   60002760312
91043768852      052000005      000000    440727-177503   00000    999   40003469467
91045368852      052000005      000000    440807          00000    999   40003468211
06794168902      052006826      000192    44081358 10     00000    041   40002912527
01959368902      052006687      000283    44081348/8      00000    042   40002414272
00822368902      052003432      000088    44081348 10     00000    043   40001833167
00801068902      052003065      000389    44081348/1 10   00000    044   40001607162
00800568902      052088574      002005    44081348/2 11   00000    045   50002747926
12881868902      052005857      000236    44081348/151    00000    046   40002420866
05084268902      052002259      000731    44081347/45 10  00000    047   40003442793
07217868902      052000673      000148    44081347/42     00000    048   40002116795
05583368902      052009311      000290    44081347/43 10  00000    049   40002356007
05583168902      052004639      000418    44081347/41 10  00000    050   40001381519
05583268902      052007520      000112    44081347/40 10  00000    051   40000987848
06421768902      052000337      000930    44081347/39 10  00000    052   40001604250
06365368902      052009490      000282    44081347/38 10  00000    053   40002511386
06365168902      052000708      000239    44081347/36 10  00000    054   40000822793
06365268902      052001685      000565    44081347/37 10  00000    055   40000063652
06364968902      052007470      000238    44081347/34 10  00000    056   40002117235
06365068902      052009557      000278    44081347/35 10  00000    057   40001187786
11800668902      052006344      000663    44081347/164 1  00000    058   40001607351
17438468902      052012011      000663    44081347/169    00000    059   50003023380
08514268902      052003012      000294    44081347/33     00000    060   40001502583
00862668902      052000728      000226    44081347/27     00000    061   40001211940
02410168902      052005680      000701    44081347/24     00000    062   40002080380
07118268902      052071139      000729    44081347/155 1  00000    063   50001537039
09513868902      052008338      000234    44081347/155    00000    064   40001469534
05511668902      052022030      000515    44081347/30 10  00000    065   50001126442
16041868902      052004941      000102    44081347/168 1  00000    066   50002819454
06979268902      052000906      000189    44081347/154 1  00000    067   40001519627
07228268902      052009589      000516    44081347/162    00000    068   40003081168
02114968902      052008277      000264    44081347/127    00000    069   40000895153
02114868902      052008567      000360    44081347/126 1  00000    070   40002181882
00900368902      052002638      000306    44081347/106    00000    071   40001181403
00843968902      052000452      000322    44081347/107    00000    072   40001407908
02115168902      052007098      000202    44081347/129    00000    073   40001850511
17161968902      052000009      000000    44081347/131    00000    074   40001902990
02115268902      052008506      000178    44081347/130    00000    076   40000895075
02115068902      052002931      000405    44081347/128 1  00000    077   40002814101
05926368902      052007164      001202    44081347/136    00000    078   40001119844
07033068902      052009104      000255    44081347/134    00000    079   40001470255
10297468902      052007691      000219    44081347/133    00000    080   40002772200
06456568902      052004725      000308    44081347/132    00000    081   40003007081
07204668902      052006176      000226    44081347/135    00000    082   40000768254
06642968902      052000822      000471    44081347/138    00000    083   40002464784
11799168902      052003141      000496    44081347/161    00000    084   40002073597
07001268902      052000404      000476    44081347/140    00000    085   40002547639
06570768902      052003243      000238    44081347/139 1  00000    086   40001091260
08828968902      052001465      000251    44081347/142 1  00000    087   40001505505
08525868902      052003745      000632    44081347/143    00000    088   40003050449
14195368902      052005906      000823    44081347/144    00000    089   40002594257
14752868902      052055748      001244    44081347/166    00000    090   60000931459
03807668902      052068696      004204    44081348/17     00000    091   50002455606
07078368902      052007771      000129    44081347/145 1  00000    093   40001342517
07133468902      052000240      000117    44081347/147    00000    094   40003311344
06954368902      052007955      000140    44081347/146 1  00000    095   40001726048
12086168902      052000794      001280    44081347/165    00000    096   40001915815
07140468902      052009823      000112    44081347/149 1  00000    097   40000431619
07134368902      052005425      000617    44081347/148 1  00000    098   40002250987
08368468902      052004795      000562    44081347/150    00000    099   40003407500
08364568902      052007634      000311    44081347/151 1  00000    100   40003052032
07572668902      052002428      000244    44081347/152    00000    101   40000807612
06949668902      052007200      000101    44081347/153 1  00000    102   40001035855
02083468902      052000384      000147    44081347/48     00000    103   40000952520
05181968902      052003055      000099    44081347/1 10   00000    104   40002952069
04561168902      052006211      000198    44081347/47     00000    105   40002793295
04290868902      052008231      000453    44081347/2 10   00000    106   40002043940
07575068902      052008004      000409    44081347/163 1  00000    107   40001741478
03924768902      052008338      000178    44081347/3      00000    108   40001022682
02307368902      052003910      000254    44081347/4      00000    109   40000918759
08818168902      052003614      000432    44081347/5      00000    110   40003198785
03315968902      052003526      000179    44081347/6      00000    111   40000299261
02307168902      052002407      000300    44081347/7      00000    112   40003196404
02307068902      052001104      000077    44081347/8      00000    113   40003167355
17618168902      052008477      000465    44081347/170 1  00000    114   40002523011
11571468902      052004472      000218    44081347/158    00000    116   40002236872
17637068902      052004251      000906    44081347/171 1  00000    117   40002884165
13145868902      052007552      000233    44081348/152 1  00000    118   40002436205
11406868902      052004431      000046    44081348/149 1  00000    119   40002471266
06644368902      052002195      000737    44081347/137 1  00000    120   40003375263
18111368902      052001190      000395    44081347/172 1  00000    121   40003444813
01013668902      052004086      000079    44081348/4      00000    122   40000712698
04156568902      052007372      000332    44081348/19 10  00000    123   50002725545
12947068902      052005245      000415    44081348/146    00000    124   40002436556
11362768902      052002779      000048    44081348/138    00000    125   40002498236
04539368902      052008439      000357    44081348/24 10  00000    126   40003161152
02479568902      052005715      000389    44081348/14 1   00000    127   40002524205
12703668902      052009590      000727    44081348/147    00000    128   40002302628
01393868902      052000607      000808    44081348/7      00000    129   40002433349
09789168902      052033693      001627    44081348/52     00000    130   50002061532
09239568902      052002463      000392    44081348/36     00000    131   40003252730
03323668902      052002027      000891    44081348/13     00000    132   40003306251
01296768902      052004537      000454    44081348/6 10   00000    133   40002568914
03358068902      052000647      000644    44081348/16     00000    134   40002504033
02612768902      052000683      000630    44081348/15 1   00000    135   40001011326
09298568902      052000598      000152    44081340/51     00000    136   40001501564
05764368902      052007033      000402    44081348/11 10  00000    137   40001161833
02402868902      052009613      000411    44081348/10 1   00000    138   40000908227
02235268902      052001616      000135    44081348/11     00000    139   50002717451
09298468902      052007894      000287    44081340/50     00000    140   40002989031
08318468902      052008522      000206    44081348/43 10  00000    141   40003115146
05254968902      052004952      000286    44081348/28 10  00000    142   40002085011
04445168902      052005192      000172    44081348/26 10  00000    143   40001061030
09148068902      052007987      000380    44081348/48     00000    144   40001216211
08763168902      052007400      000118    44081348/46     00000    145   40000786320
09573768902      052001864      000080    44081348/49     00000    146   40001570546
08818968902      052000089      000529    44081348/45     00000    147   40001575668
06801568902      052009430      000218    44081348/40 10  00000    148   40002912506
03325968902      052000783      000053    44081348/12 1   00000    149   40000979847
08645668902      052000824      000319    44081340/78     00000    150   40001569441
03896168902      052009300      000121    44081348/21 10  00000    151   40001066340
09710668902      052009154      000632    4408136/1 10    00000    152   40003161342
11589068902      052097021      001088    44081348/42     00000    154   50002336601
08935868902      052003292      000400    44081348/47     00000    155   40001549239
05491468902      052004396      000532    44081348/30 10  00000    156   40001158336
05181768902      052002181      000457    44081348/31 10  00000    157   40003443008
05117668902      052000477      000144    4408136 10      00000    158   40001273747
07864268902      052003123      000261    44081348/134    00000    159   40002546337
06620068902      052007439      000335    44081348/41 10  00000    160   40001375596
04546068902      052001964      000299    44081348/25 10  00000    161   40001064953
03784568902      052006564      000172    44081348/18     00000    162   40001081985
18062768902      052000007      000002    44081348/230    00000    163   40002516832
10163768902      052097899      001395    44081348/135    00000    165   50001786354
09331468902      052005537      000188    44081348/44     00000    166   40001452266
90982768902      052045909      002588    440813          00000    167   50001795293
17235468902      052006500      000227    44081348/226 1  00000    168   40002869368
05779468902      052006140      000253    44081348/33 10  00000    169   40001288468
05174768902      052009049      000310    44081348/32 10  00000    170   40001174184
17511468902      052000201      000019    44081301        00000    171   40003228733
06454468902      052006518      000573    44081348/37 10  00000    172   40001348639
17511368902      052000239      000017    44081301        00000    173   40003225862
04076868902      052007818      000347    44081348/20     00000    174   40000865103
16605168902      052006763      001436    44081349/241 1  00000    175   40003388518
16605268902      052040275      001960    44081349/292 1  00000    176   50002745370
17190468902      052005755      000454    44081349/122 1  00000    177   40003193345
17466668902      052009852      000556    44081349/80 10  00000    178   40001944773
18000268902      052000747      000141    44081349/77     00000    179   40002832411
17280568902      052004643      000120    44081349/123 1  00000    180   40002874486
17574368902      052000384      000324    44081349/124    00000    181   40003453236
17432468902      052007945      000554    44081349/125    00000    182   40003056113
17250268902      052016595      000586    44081349/126 1  00000    183   50003027556
17196368902      052004990      000562    44081349/128    00000    184   40003193477
17491468902      052006573      000373    44081349/130 1  00000    185   40002534195
16679268902      052008003      000452    44081349/131 1  00000    188   40002809321
17190368902      052004854      000180    44081349/176    00000    189   40003193270
16965368902      052007394      000134    44081349/174    00000    190   40002841385
16680968902      052000008      000277    44081349/175 1  00000    191   40002809336
16680268902      052008769      000199    44081349/339 1  00000    192   40002809329
16680168902      052000001      000190    44081349/338 1  00000    193   40002809328
16680868902      052004391      000205    44081349/173 1  00000    194   40002809335
16680768902      052000376      000590    44081349/172 1  00000    195   40002809334
16510768902      052001772      000205    44081349/341    00000    196   40002853439
16510868902      052006221      000535    44081349/340    00000    197   40002853440
16679768902      052001377      000575    44081349/171 1  00000    198   40002809325
16680668902      052008208      000666    44081349/170 1  00000    199   40002809333
16681268902      052001464      000341    44081349/343 1  00000    200   40002809339
16680368902      052007118      000460    44081349/342 1  00000    201   40002809330
16965268902      052002000      000138    44081349/221    00000    202   40003248402
16684568902      052005567      000068    44081349/223    00000    203   40002809262
16681068902      052001532      000377    44081349/222 1  00000    204   40002809337
16680068902      052000414      000416    44081349/225 1  00000    205   40002809327
16681168902      052006317      000192    44081349/224 1  00000    206   40002809338
16965168902      052002667      000083    44081349/227 1  00000    207   40003196826
16684768902      052008820      000345    44081349/226    00000    208   40003161230
16679868902      052008498      000268    44081349/228 1  00000    209   40002809326
18018068902      052001639      000292    44081349/337    00000    210   40003417489
18062068902      052000580      000191    44081349/336    00000    211   40003443637
18032168902      052000023      000003    44081349/335 1  00000    212   40002073235
18127868902      052000292      000143    44081349/333 1  00000    213   40003458518
18015668902      052002299      000463    44081349/334    00000    214   40003380751
18060368902      052001004      000333    44081349/269    00000    215   40003445308
18118668902      052000005      000000    44081349/271    00000    216   40003458635
17975768902      052001086      000167    44081349/274    00000    217   40003417392
18043968902      052000960      000294    44081349/276    00000    218   40003442962
16679468902      052009937      000689    44081349/133 1  00000    219   40002809323
16679368902      052004960      000896    44081349/132 1  00000    220   40002809322
16679668902      052009552      000193    44081349/134 1  00000    221   40002809324
16618568902      052004395      000284    44081349/58 10  00000    222   40003076934
15938868902      052007999      000287    44081349/32 10  00000    223   40002418264
16679168902      052009325      000162    44081349/57 10  00000    224   40002809320
16618468902      052003718      000719    44081349/56 10  00000    225   40003076933
16591268902      052006843      000180    44081349/34 10  00000    226   40002850825
16591168902      052002326      000081    44081349/33 10  00000    227   40002850824
16618368902      052007065      000220    44081349/55 10  00000    228   40003076932
16618268902      052009973      000561    44081349/54 10  00000    229   40003076931
16617068902      052003985      000511    44081349/35 10  00000    230   40003381601
15940168902      052003138      000140    44081349/36 10  00000    231   40003257011
17575968902      052001954      000247    44081349/38     00000    232   40003381605
16680468902      052007937      000213    44081349/37 10  00000    234   40002809331
16618168902      052004279      000089    44081349/53 10  00000    235   40003076930
16618068902      052006551      000235    44081349/52 10  00000    236   40002191575
16617968902      052007609      000180    44081349/51 10  00000    237   40003076928
16617868902      052005153      000363    44081349/50 10  00000    238   40003076927
16618668902      052008066      000402    44081349/40 10  00000    239   40003076935
16617168902      052002138      000340    44081349/39 10  00000    240   40003173633
18063868902      052000195      000063    44081349/48 10  00000    241   40003443642
16617768902      052005550      000208    44081349/49 10  00000    242   40003076926
16617368902      052007997      000189    44081349/42 10  00000    243   40003076922
16617268902      052008560      000300    44081349/41 10  00000    244   40003076921
16684468902      052000894      000000    44081349/43     00000    245   40002251044
16617468902      052006011      000071    44081349/44 10  00000    246   40003076923
16617668902      052005217      000580    44081349/47 10  00000    247   40003076925
16617568902      052000034      000204    44081349/46 10  00000    248   40003076924
15939468902      052006002      000397    44081349/45 10  00000    249   40002263118
15939568902      052008566      000225    44081349/23 10  00000    250   40003247723
16684668902      052006452      000430    44081349/21     00000    251   40003161229
15939668902      052002510      000148    44081349/22 10  00000    252   40001576081
16684368902      052001991      000084    44081349        00000    253   40003161226
15939768902      052009841      000240    44081349/20 10  00000    254   40002836802
15938968902      052007332      000143    44081349/19 10  00000    255   40002285675
16590468902      052006487      000462    44081349/2 10   00000    256   40002850817
16590368902      052005785      000147    44081349/1 10   00000    257   40002850816
16591068902      052009557      000204    44081349/17 10  00000    258   40002850823
15939368902      052005481      000354    44081349/18 10  00000    259   40002239172
16590968902      052003455      000336    44081349/16 10  00000    260   40002432916
16590568902      052007259      000233    44081349/4 10   00000    261   40002850818
15939868902      052007525      000197    44081349/15 10  00000    262   40001758867
15939068902      052000128      000006    44081349/3 10   00000    263   40001765255
16590668902      052007878      000150    44081349/6 10   00000    264   40002850819
15939968902      052006777      000223    44081349/14 10  00000    265   40002281304
15939268902      052009193      000769    44081349/12-13  00000    266   40003192151
16590868902      052003614      000333    44081349/11 10  00000    267   40002850821
15940068902      052008991      000101    44081349/8 10   00000    268   40002836822
15939168902      052008444      000381    44081349/7 10   00000    269   40002045062
16590768902      052005992      000177    44081349/10 10  00000    270   40002850820
15940268902      052009941      000490    44081349/9 10   00000    271   40002470194
04128268902      052001141      000169    44081348/22     00000    272   40001080518
06635168902      052004060      000137    44081348/38 10  00000    273   40001718060
05739068902      052003616      000146    44081348/35 10  00000    274   40001246073
17506068902      052004213      000679    440813          00000    275   40002766583
13657468902      052085610      001130    44081348/153    00000    276   50002721339
01209068902      052007680      000174    44081348/5      00000    277   40002139600
00900568902      052008119      000342    44081347/115    00000    278   40001605593
00900468902      052006901      000263    44081347/114 1  00000    279   40001101507
00900668902      052043666      000932    44081347/116    00000    280   50002048588
04428068902      052016387      000355    44081348/23 10  00000    281   50002818842
00900768902      052007484      000588    44081347/117    00000    282   40001210121
11795868902      052073060      000358    44081348/145    00000    283   50002082242
11795668902      052007738      000695    44081348/144    00000    284   40002082243
00853668902      052003377      000843    44081347/119    00000    285   40001011294
00841168902      052006891      000690    44081347/118    00000    286   40001044667
11795568902      052005824      000088    44081348/143    00000    287   40002430827
11795768902      052003822      000001    44081348/142    00000    288   40002082241
04637268902      052009022      000239    44081348/29     00000    289   40001895849
00858768902      052006413      000299    44081347/120    00000    290   40001498525
00694968902      052004329      000130    44081347/121 1  00000    291   40000355155
12881768902      052001054      000357    44081348/150    00000    292   40002420867
00878568902      052008458      000094    44081348/3 10   00000    293   40001315258
00717668902      052004767      000602    44081347/125    00000    294   40001298372
14597068902      052008610      000282    440813          00000    295   40001386680
07413868902      052000462      000003    440813          00000    296   40001804960
01354668902      052018721      001044    44081355 10     00000    297   50003017193
01660768902      052000852      000749    44081339/271 1  00000    299   40003453258
07889568902      052001161      000372    44081339/273 1  00000    300   40001732334
08818768902      052003000      000291    44081339/272 1  00000    301   40003293136
08970168902      052003485      000106    44081339/270 1  00000    302   40003115706
17511768902      052000214      000028    44081301        00000    303   40003228690
17763168902      052007707      000643    44081341/74     00000    304   40001454038
05521668902      052005357      001159    44081341/76 10  00000    305   40002553733
01896968902      052002309      000249    44081341/72 1   00000    306   40002371828
04830068902      052002792      000716    44081341/70 10  00000    307   40001342739
06911568902      052001713      000336    44081342/160 1  00000    309   40000416043
00970068902      052009131      000205    44081341/6 11   00000    311   40000502845
10524068902      052002048      000795    44081342/164 1  00000    312   40000759775
11328368902      052000788      000128    44081323/91 11  00000    313   40001644562
08672468902      052001630      000733    44081342/162 1  00000    314   40001331641
13280168902      052006441      004370    44081341/29     00000    316   50003044644
09912168902      052008671      000329    44081342/163 1  00000    317   40000000006
07096268902      052009652      000504    44081342/161 1  00000    318   40001401013
06155568902      052004316      000301    44081343 11     00000    319   40001169985
13392368902      052067837      001926    44081323/136    00000    320   50002477556
00825268902      052007858      001111    44081323/1      00000    321   40003245600
06110868902      052008312      000002    44081323/2 11   00000    322   40001214966
11328468902      052006945      000717    44081323/92 11  00000    323   40001934193
11328268902      052005114      000750    44081323/90 11  00000    324   50002744716
11328668902      052002496      000272    44081323/94 11  00000    325   40003225834
11328568902      052009520      000179    44081323/93 11  00000    326   40000424186
11328168902      052003906      000586    44081323/89 11  00000    327   40002043974
11328068902      052002109      000492    44081323/88 11  00000    328   40002556280
12944068902      052006456      000233    44081323/96     00000    329   40003248822
11328768902      052004177      000373    44081323/95 11  00000    330   40002565000
17751868902      052001920      000176    44081323/86     00000    331   40001548611
12714768902      052002480      000671    44081323/87     00000    332   40002296969
12807968902      052001364      000464    44081323/98     00000    333   40002570622
11328968902      052008714      000846    44081323/97 11  00000    334   40002307351
11327668902      052008135      000298    44071323/84 11  00000    335   40001986945
11329268902      052003742      000069    44081323/100 1  00000    336   40002949416
13968068902      052000758      000196    44081323/99     00000    337   40002165559
11327468902      052004099      000291    44081323/82 11  00000    338   40001907762
11327568902      052003819      000155    44081323/83 11  00000    339   40002777742
15516368902      052004008      000121    44081323/102    00000    340   50002480847
11329368902      052003645      000225    44081323/101 1  00000    341   50001687165
11327368902      052004982      001175    44081323/81 11  00000    342   40002579472
13696768902      052004620      000209    44081323/80     00000    343   40002872310
12793568902      052008777      000274    44081323/104    00000    344   40001835523
11329568902      052006730      000306    44081323/103 1  00000    345   40000264290
11327168902      052008606      000056    44081323/79 11  00000    346   40000759578
11329868902      052004206      001264    44081323/106 1  00000    347   40002033650
17609968902      052003899      000338    44081323/105    00000    348   40002495455
17623268902      052000884      000060    44081323/76     00000    349   40001808171
13509068902      052005668      000228    44081323/77     00000    351   40002093362
11330068902      052006925      000104    44081323/108 1  00000    352   40000858607
13369868902      052004076      000202    44081323/107    00000    353   40003139710
13594868902      052005292      000211    44081323/75     00000    354   40001493181
11330168902      052007491      000344    44081323/109 1  00000    355   40000545689
11326568902      052003151      000217    44081323/73 11  00000    356   40001403430
12875468902      052003924      000207    44081323/72     00000    357   40002152791
11392468902      052000815      000122    44081323/70     00000    359   40001504659
11330368902      052004107      000217    44081323/111 1  00000    360   40003157372
11326368902      052005623      000240    44081323/71 11  00000    361   40002278955
11392768902      052006610      000260    44081323/114    00000    362   40002952068
11392668902      052005796      000325    44081323/113    00000    363   40001846897
13324168902      052006466      000344    44081323/69     00000    364   40001672243
11392268902      052006487      000349    44081323/68     00000    365   40001401924
11392968902      052007225      000573    44081323/116    00000    366   40001642102
11392868902      052006371      000016    44081323/115    00000    367   40001315954
11392168902      052006423      000384    44081323/67     00000    368   40002292989
11392068902      052006300      000254    44081323/66     00000    369   40002994225
11393168902      052007058      000075    44081323/118    00000    370   40001655128
11393068902      052008057      000509    44081323/117    00000    371   40002843938
11391968902      052003817      000706    44081323/65     00000    372   40002810727
11391868902      052000097      001851    44081323/64     00000    373   40002441590
11393368902      052007995      000650    44081323/120    00000    374   40001669407
11393268902      052000833      000534    44081323/119    00000    375   40002933410
11391768902      052000397      002292    44081323/63     00000    376   40003081784
11391668902      052001660      000391    44081323/62     00000    377   40002818173
11393568902      052005949      000111    44081323/122    00000    378   40003090112
11393468902      052002659      000268    44081323/121    00000    379   40003406961
12854668902      052000252      000138    44081323/60     00000    381   40001637390
14477568902      052008009      000339    44081323/124 1  00000    382   40002564839
12829468902      052003735      000423    44081323/123    00000    383   40002913014
11391368902      052007418      000841    44081323/59     00000    384   40002081231
17487868902      052003273      000233    44081323/58     00000    385   40003227777
11393868902      052006430      000376    44081323/125    00000    386   40000876809
11393968902      052000235      000541    44081323/126    00000    387   40000882366
11391168902      052003438      000327    44081323/57     00000    388   40001387038
13610968902      052002731      000454    44081323/56     00000    389   40002071216
11394168902      052009789      000528    44081323/128    00000    390   40001508625
11394068902      052002759      000113    44081323/127    00000    391   40000491246
11394368902      052002494      000270    44081323/130    00000    392   40003076292
11394268902      052006286      000234    44081323/129    00000    393   40001652269
11390768902      052008571      000177    44081323/53     00000    394   40001421390
11390668902      052006514      000217    44081323/52     00000    395   40003007069
11394568902      052000185      000679    44081323/132    00000    396   40002203376
11390568902      052002254      000175    44081323/51     00000    397   40002180862
13522568902      052002115      000204    44081323/131 1  00000    398   40002423019
11394768902      052002084      000284    44081323/134    00000    399   40001879667
13312568902      052000005      000000    44081323/50     00000    401   50001686568
16972268902      052007184      000141    44081323/135    00000    402   40003012161
16624468902      052001716      000035    44081323/48 11  00000    403   40003076342
11390168902      052007280      000385    44081323/47     00000    404   40003115703
11390068902      052004033      000140    44081323/46     00000    405   40002829599
11389968902      052008668      000975    44081323/45 11  00000    406   40002354645
17498568902      052000020      000463    44081323/44     00000    407   40002579764
16587668902      052008151      000208    44081323/42     00000    408   40002850216
11389568902      052002377      000272    44081323/41     00000    409   40000259991
11389468902      052008946      000117    44081323/40     00000    410   40001726170
17601268902      052003007      000188    44081323/38     00000    411   40003225907
11389168902      052006222      000455    44081323/37     00000    412   40002143541
11389068902      052008016      000198    44081323/36     00000    413   40001716917
11388968902      052002553      000321    44081323/35     00000    414   40000975675
13698168902      052000542      000276    44081323/34 11  00000    415   40003321336
11388768902      052001004      000748    44081323/33     00000    416   40002317460
11388668902      052006019      000634    44081323/32     00000    417   40002277825
11388568902      052006045      000293    44081323/31     00000    418   40002317463
11388468902      052006874      000540    44081323/30     00000    419   40002277777
11388368902      052009053      000366    44081323/29     00000    420   40000306519
11388168902      052008858      000546    44081323/27     00000    421   40002948811
11387968902      052007444      000242    44081323/25     00000    422   40000544263
11326268902      052004096      000348    44081323/24 11  00000    423   40002975074
13153568902      052003615      001081    44081323/23 11  00000    424   40003259727
11326068902      052005724      000280    44081323/22 11  00000    425   40002474456
11325968902      052002813      000102    44081323/21 11  00000    426   40000507159
11325868902      052000005      000000    44081323/20 11  00000    427   40003312480
11325668902      052001675      000028    44081323/18 11  00000    428   40003090111
11325568902      052006571      000700    44081323/17 11  00000    429   40002559569
11325368902      052000323      000560    44081323/15 11  00000    430   40003321120
11325468902      052001128      000633    44081323/16 11  00000    431   40003460045
11325268902      052002528      000142    44081323/14 11  00000    432   40002541497
11325068902      052022604      000359    44081323/12 11  00000    433   50000580275
11324968902      052009689      000419    44081323/11 11  00000    434   40002805868
17423768902      052002574      000312    44081323/10     00000    435   40003011263
11324768902      052000104      000529    44081323/9 11   00000    437   40003321119
11324668902      052002614      000219    44081323/8 11   00000    438   40001992602
11324368902      052047602      000312    44081323/5-6    00000    439   50002047156
11324568902      052008072      000619    44081323/7 11   00000    440   40002199493
01063368902      052090787      001377    44081341/73 10  00000    441   50001127247
07413968902      052001630      000001    440813          00000    442   40000719122
14986368902      052000041      000008    44081367        00000    443   40002099880
17462368902      052000171      000023    44081301        00000    444   40003228750
17462468902      052000259      000025    44081301        00000    445   40003225857
07414068902      052000521      000000    440813          00000    446   40000740210
17185768902      052007080      001873    440813          00000    447   40003193344
07204168902      052004770      002603    44081354/3 11   00000    448   40001547122
01606968902      052006749      000434    44081354 11     00000    449   40001520692
90997568902      052002327      000225    440813          00000    450   40002064223
14986668902      052000778      000020    440813713       00000    452   40001839775
16018168902      052000510      000009    4408132-0       00000    453   40001509560
17462268902      052000329      000039    44081301        00000    454   40003225856
18165368902      052000005      000000    44072749/127 1  00000    999   40003469477
18177268902      052000005      000000    44081449/327    00000    999   40003470943
18182668902      052000005      000000    44082349/331    00000    999   40003472615
